       1             0             0             0
       2             1       2.60668       1.48203
       3             0       1.94745       1.27256
       4             0       1.94745       1.27256
       5             0       3.08061        1.5195
       6             1        2.2111       1.35074
       7             0       1.25907       1.07179
       8             0      0.358383      0.584839
       9             3       1.10212      0.985663
      10           7.5       1.05507      0.991936
      11             2       2.29939        1.3945
      12             0       1.25903       1.08838
      13           6.5       2.55389       1.43562
      14           1.5       2.22483       1.33682
      15             0       3.23211       1.59568
      16             0       2.54948       1.41385
      17           2.5       3.08061        1.5195
      18             0       1.94745       1.27256
      19             0       3.08061        1.5195
      20             0       2.28773       1.39159
      21             1       2.35424       1.39528
      22             0       2.15211        1.3426
      23             0       1.59409        1.1797
      24           0.5       2.04966       1.32446
      25             0       1.34209       1.08925
      26             0       1.94023       1.27003
      27             1       1.84801       1.23796
      28             2       1.78739       1.21881
      29           0.5       1.84552       1.23861
      30           0.5       1.25927       1.04967
      31             0       2.35054        1.3659
      32           0.5       1.28796       1.09038
      33             1         3.318       1.62035
      34             0       1.14883       1.06724
      35           6.5       3.08061        1.5195
      36             5       2.42967       1.39712
      37             6       3.55622       1.67587
      38           4.5       2.97148       1.48589
      39             4       1.94744       1.27255
      40             7       1.64181       1.18866
      41             3       3.04738       1.57994
      42            10       3.59725       1.71293
      43             5       3.08061        1.5195
      44             5       1.94744       1.27255
      45             4        3.0794        1.5191
      46             1        2.8179       1.58011
      47             1       3.08061        1.5195
      48             2       1.94745       1.27256
      49             1       1.85907       1.24354
      50             2       2.55389       1.43562
      51             2       3.08061        1.5195
      52             1       3.28937       1.63485
      53             0             0             0
      54             0       1.94745       1.27256
      55           2.5       3.08061        1.5195
      56             0       3.08061        1.5195
      57             0       3.56212       1.71573
      58             0       3.08061        1.5195
      59             3       1.94744       1.27255
      60             0       1.94745       1.27256
      61             4       3.08061        1.5195
      62             4       1.94744       1.27255
      63             2       1.94744       1.27255
      64             1       1.05248      0.989412
      65             2       3.56212       1.71573
      66           0.5       1.12463       1.03185
      67             2       1.94745       1.27256
      68             1       3.01276       1.49866
      69             3       3.34344       1.60555
      70             5       3.08061        1.5195
      71             3       1.94744       1.27255
      72             8       3.08061        1.5195
      73             2       3.08061        1.5195
      74           6.5       3.08061        1.5195
      75             2       1.93354       1.26062
      76             2       1.94745       1.27256
      77             0       3.08061        1.5195
      78             1       1.94745       1.27256
      79             2       2.35926       1.55849
      80           1.5       1.93341        1.2303
      81           0.5        1.0569      0.978796
      82             3       1.93876       1.26918
      83             1       1.94745       1.27256
      84             1       1.94744       1.27255
      85             0       2.54948       1.41385
      86             0       3.08061        1.5195
      87             0       1.94745       1.27256
      88             2       1.94745       1.27256
      89             4       3.69119       1.72762
      90             1       3.00632       1.62298
      91             0       3.08061        1.5195
      92             0        2.6204       1.43919
      93             1       3.51685       1.65705
      94             2       3.75733       1.72014
      95             0       1.93108       1.26502
      96             0         3.318       1.62035
      97             1       3.08061        1.5195
      98             0       3.08061        1.5195
      99             3       1.94745       1.27256
     100             4       3.08061        1.5195
     101             1       1.94744       1.27255
     102             0             0             0
     103             2       1.94744       1.27255
     104           2.5       1.75075       1.20431
     105             3       3.62243       1.73206
     106             1       2.35926       1.55849
     107           3.5       3.08061        1.5195
     108             4       3.11702       1.63087
     109             0             0             0
     110             7       1.94745       1.27256
     111             8       1.94745       1.27256
     112             6       1.94745       1.27256
     113             2       1.94745       1.27256
     114             3       4.57347        1.8865
     115             2       3.08061        1.5195
     116             3       3.08061        1.5195
     117             5       3.08061        1.5195
     118             1       3.08061        1.5195
     119             1       1.94744       1.27255
     120             2       3.08061        1.5195
     121             0       1.85988       1.27757
     122           2.5       3.75065       1.76376
     123           0.5       2.52095        1.4246
     124             5       1.94745       1.27256
     125             8       3.08061        1.5195
     126             1       2.26807        1.3627
     127           4.5       1.59409        1.1797
     128             0       1.94744       1.27255
     129           3.5       1.19854       1.04795
     130             2       3.08061        1.5195
     131             2       2.45784       1.40387
     132             1       2.21783        1.2778
     133             0             0             0
     134           5.5       3.08061        1.5195
     135           1.5       3.08061        1.5195
     136             1       2.23399       1.33459
     137             1       1.94744       1.27255
     138           6.5       3.08061        1.5195
     139           1.5       3.08061        1.5195
     140             5       4.21484       1.85861
     141             7       1.59409        1.1797
     142             2       3.08061        1.5195
     143             9       3.08061        1.5195
     144             1       1.94744       1.27255
     145           4.5       1.29747        1.0745
     146             2       1.59409        1.1797
     147             6       2.54948       1.41385
     148             1       3.08061        1.5195
     149             3       3.08061        1.5195
     150           3.5       3.35743       1.64429
     151             2       1.94745       1.27256
     152             2       3.08061        1.5195
     153             3       1.80409       1.22386
     154             1       1.94745       1.27256
     155             1       1.94745       1.27256
     156             1       3.06346       1.51395
     157             5       3.08061        1.5195
     158             3       2.39361       1.36887
     159           3.5       3.08061        1.5195
     160           1.5       4.04907        1.8115
     161             2       1.94744       1.27255
     162           2.5       3.75065       1.76376
     163             1       3.08061        1.5195
     164             0       1.94744       1.27255
     165           1.5       3.08061        1.5195
     166           1.5       3.08061        1.5195
     167             1       2.38134       1.37505
     168             1       4.29868       1.92036
     169             3       3.08061        1.5195
     170             2       1.94744       1.27255
     171             2       3.08061        1.5195
     172             0       1.94745       1.27256
     173             1       1.94745       1.27256
     174             2       3.08061        1.5195
     175             8       1.94744       1.27255
     176             4       3.08061        1.5195
     177             1       2.35926       1.55849
     178             4       3.05974        1.6166
     179           5.5       2.81676       1.44966
     180             2       3.08061        1.5195
     181             2       2.35926       1.55849
     182             1       1.59408        1.1797
     183             4       2.52929       1.41013
     184           2.5       2.74425       1.51342
     185           4.5       3.24623       1.61924
     186             3         3.318       1.62035
     187            11       3.28937       1.63485
     188           4.5       2.71006       1.52074
     189             0       3.17475       1.59005
     190             0         3.318       1.62035
     191             1       2.35926       1.55849
     192           6.5       3.34364       1.64135
     193             4       2.56955       1.38733
     194             0       1.65183       1.17771
     195           2.5       3.21388       1.60431
     196             0       3.04644       1.63493
     197           4.5       1.82257       1.23078
     198             1       2.73202       1.47921
     199           3.5       3.08061        1.5195
     200             2       3.08061        1.5195
     201           0.5       2.48943       1.44154
     202             2       2.29084        1.5371
     203             2       2.35926       1.55849
     204             3       3.08515       1.64641
     205           1.5       3.08061        1.5195
     206             4       1.33703       1.06987
     207             3       3.25373       1.62312
     208             2       3.08061        1.5195
     209             2       3.08061        1.5195
     210             4       3.56017       1.66037
     211           0.5      0.247349      0.487304
     212             0       2.04314       1.30295
     213           2.5       1.61744        1.2265
     214             0             0             0
     215             1       1.96131       1.28278
     216             4       2.75338       1.45955
     217             1       3.00183       1.49543
     218           1.5        1.4278       1.11729
     219           1.5       2.82213       1.45553
     220             3       3.08061        1.5195
     221             3       3.56212       1.71573
     222           2.5       3.08061        1.5195
     223           3.5       3.74663       1.79899
     224             3       4.42058       1.90513
     225             1       4.67909       1.88249
     226             5       4.38358       1.86381
     227             5       1.94745       1.27256
     228             4       3.11699       1.64869
     229             7       4.27518       1.88993
     230             2       1.94745       1.27256
     231           2.5       1.79731        1.2217
     232           7.5       3.79281       1.76804
     233             0       1.94744       1.27255
     234             0       2.18529       1.50522
     235             1       1.94744       1.27255
     236             2       2.34356       1.29923
     237             1       3.22936       1.61549
     238             3       3.08061        1.5195
     239             1       1.88141        1.2481
     240             0       1.71605        1.2336
     241             1       1.40965        1.1013
     242             0       1.30043        1.0901
     243             1       1.41241       1.11493
     244           4.5       1.86501       1.24093
     245             1       2.02199       1.29517
     246             4       1.94744       1.27255
     247           3.5       2.53234       1.43578
     248             1       3.08061        1.5195
     249           3.5        2.7948       1.45081
     250             3       1.64181       1.18866
     251             1       1.94744       1.27255
     252           1.5       2.76558       1.51946
     253             2       3.03712       1.50585
     254           2.5       2.39495       1.37849
     255             2       1.94744       1.27255
     256             4       3.08061        1.5195
     257          10.5       2.65648        1.4981
     258             4       1.94062       1.26989
     259             2       1.94744       1.27255
     260             2       3.08061        1.5195
     261          11.5       3.40849       1.67224
     262             2       1.94744       1.27255
     263             4       1.94744       1.27255
     264             2       3.34778       1.63262
     265             4       3.08061        1.5195
     266             6       3.08061        1.5195
     267            10       3.08061        1.5195
     268             5       1.83744       1.23383
     269           0.5       1.03041      0.946962
     270             5       1.94745       1.27256
     271             7         1.927       1.26468
     272             3       3.08061        1.5195
     273           6.5       3.02552        1.5025
     274             4       1.94744       1.27255
     275             9       3.08061        1.5195
     276             1       1.94745       1.27256
     277             3       3.08061        1.5195
     278            10       3.13674       1.64007
     279             3       3.35903       1.61611
     280             1       3.08061        1.5195
     281             5       3.08061        1.5195
     282             3       1.76412       1.20812
     283             0       1.56541       1.15889
     284           4.5       3.08061        1.5195
     285             3       1.94744       1.27255
     286             2       3.08061        1.5195
     287             7       1.94745       1.27256
     288             6       1.94745       1.27256
     289             5       3.08061        1.5195
     290             4       1.94745       1.27256
     291             4       1.85906       1.24353
     292           4.5       1.47853       1.11575
     293             8       4.57602       1.93491
     294             0       2.18937       1.30511
     295             2       3.08515       1.64641
     296             1       1.81164        1.2358
     297             2       3.08061        1.5195
     298             2       3.03304       1.50519
     299             1       1.79047       1.21985
     300             5       1.94745       1.27256
     301             0       1.94744       1.27255
     302             1       1.25772       1.06422
     303             0             0             0
     304           2.5       3.08061        1.5195
     305             1       1.94744       1.27255
     306           3.5       2.40612       1.38595
     307           1.5       3.08061        1.5195
     308             3       1.94744       1.27255
     309             2       1.94745       1.27256
     310             3       3.08061        1.5195
     311           8.5       3.08061        1.5195
     312             1       2.35926       1.55849
     313             6       3.08061        1.5195
     314             5       3.23889       1.61766
     315             3       3.08061        1.5195
     316             1       1.94745       1.27256
     317             5       1.94745       1.27256
     318             1       3.08061        1.5195
     319             0             0             0
     320           2.5       3.21181       1.60324
     321           2.5       3.34364       1.64135
     322             2       2.50288         1.409
     323           1.5       3.03712       1.50585
     324             0             0             0
     325             1       1.94744       1.27255
     326             0       3.08061        1.5195
     327             1       3.08061        1.5195
     328             4       3.04677       1.50874
     329             0       2.23586       1.37884
     330             1       3.08061        1.5195
     331             6       3.08061        1.5195
     332             0             0             0
     333             4       4.54826       1.90396
     334             3       3.03712       1.50585
     335             4       1.94745       1.27256
     336             0       1.72603       1.20795
     337             2       3.08061        1.5195
     338             0       3.08061        1.5195
     339           8.5       2.28418       1.36504
     340             1       1.94744       1.27255
     341             7       4.25357       1.89352
     342             1       1.94745       1.27256
     343             6       1.94745       1.27256
     344             1       1.94744       1.27255
     345             2       1.94745       1.27256
     346             2       3.08061        1.5195
     347           0.5       1.29528       1.07131
     348             3       1.94745       1.27256
     349             0       1.94744       1.27255
     350             4       1.94745       1.27256
     351             2       1.27887       1.06375
     352           1.5       3.08061        1.5195
     353           3.5       1.92671       1.22625
     354           6.5        4.0671       1.78891
     355             8       4.61069       1.91249
     356             9       1.94745       1.27256
     357             0       1.94744       1.27255
     358             4       1.94745       1.27256
     359             0       2.54948       1.41385
     360             1       1.94745       1.27256
     361             2       3.08061        1.5195
     362             4       1.94745       1.27256
     363             2       1.94744       1.27255
     364             0       2.87581       1.45772
     365             1       1.94745       1.27256
     366             0       3.08061        1.5195
     367           1.5       3.08061        1.5195
     368             1       2.90393       1.47154
     369             1       1.94744       1.27255
     370             0       2.55389       1.43562
     371             1       1.94744       1.27255
     372             0       1.94744       1.27255
     373             1       1.94745       1.27256
     374             3       1.94744       1.27255
     375             1       1.94744       1.27255
     376             3       1.94744       1.27255
     377             0       1.59408        1.1797
     378             0        2.3264       1.37004
     379           0.5       1.41242       1.11493
     380             1       1.59408        1.1797
     381             0       1.60061       1.19136
     382             3       1.94744       1.27255
     383           2.5       2.39291       1.37379
     384             3       3.42099       1.73823
     385             1       3.08061        1.5195
     386             0       1.94744       1.27255
     387             4       3.04903       1.61135
     388           2.5       1.32618       1.06967
     389             0       1.94744       1.27255
     390             4       1.94744       1.27255
     391             4       1.94744       1.27255
     392             3       1.89183       1.21338
     393             6        2.9956       1.49304
     394             3       3.08061        1.5195
     395             3       3.08061        1.5195
     396             2       3.69835       1.72128
     397           6.5       3.79719       1.75436
     398             1       3.08061        1.5195
     399           3.5       3.08061        1.5195
     400             3       3.08061        1.5195
     401             4       1.64181       1.18866
     402           0.5       1.67081       1.17434
     403             0       1.94745       1.27256
     404             3       1.78733       1.21876
     405             2       1.94745       1.27256
     406             2       3.28937       1.63485
     407             0       1.76827       1.26831
     408             1       1.83986       1.23687
     409             2       3.55528       1.72841
     410             1       1.80032       1.22186
     411             0       1.01069      0.945686
     412             0       3.04681       1.57318
     413             0             0             0
     414             1       1.43808       1.13651
     415             1       1.48164       1.06146
     416             0      0.995396      0.957091
     417           3.5       1.62337       1.19745
     418             0       1.62158       1.20442
     419             2       1.80032       1.22186
     420             2       2.95602       1.53692
     421           2.5       2.84602       1.45803
     422             0       1.44695       1.12482
     423             4       2.84601       1.45803
     424             0       3.11411       1.52861
     425             0             0             0
     426             0             0             0
