       1             0             0             0
       2             0      0.656556      0.782036
       3             0       1.09402      0.989495
       4             1      0.669435      0.790017
       5             0       1.09234      0.987156
       6             3       1.09402      0.989495
       7             0      0.529655      0.709878
       8             5      0.669429      0.790013
       9             1       1.09234      0.987153
      10             0       1.09234      0.987156
      11             0       1.09233      0.987153
      12             0       1.39812       1.16071
      13             0      0.485784      0.677954
      14             0       1.09234      0.987156
      15             0      0.669435      0.790017
      16             0      0.686956      0.812799
      17             0       1.09233      0.987153
      18             0        1.1096       1.01966
      19             4       1.18248         1.056
      20             3      0.529661      0.709882
      21             2        1.0992      0.998445
      22             0       1.09234      0.987156
      23             2      0.669435      0.790017
      24             0       1.09233      0.987153
      25             0       1.09233      0.987153
      26             1      0.669435      0.790017
      27             1       1.39812       1.16071
      28             2       1.69729        1.2257
      29             5       1.09234      0.987156
      30           1.5       1.07799       0.98007
      31             0        1.6496       1.20748
      32             1       1.09234      0.987156
      33             0      0.885816      0.898412
      34             0       1.15522       1.04103
      35             0       1.09234      0.987156
      36             0       1.09233      0.987153
      37             0       1.15522       1.04103
      38             0       1.32006       1.08621
      39             0       1.39812       1.16071
      40             0      0.669435      0.790017
      41             1       1.09233      0.987153
      42             0      0.669435      0.790017
      43             0      0.669435      0.790017
      44             0      0.529661      0.709882
      45             0      0.669435      0.790017
      46             0      0.885814      0.898411
      47             0       1.09234      0.987156
      48             1      0.669435      0.790017
      49             0       1.09233      0.987153
      50             0      0.686956      0.812799
      51             3       1.05837        1.0153
      52           2.5       1.09234      0.987153
      53             0      0.529655      0.709878
      54             3       1.09234      0.987153
      55             3      0.753623      0.835162
      56             0      0.567088      0.734866
      57             1      0.669435      0.790017
      58           4.5      0.902574      0.906231
      59             0      0.669435      0.790017
      60           3.5       1.09471      0.990158
      61             0      0.882215      0.907982
      62             2       1.09234      0.987156
      63             1      0.669429      0.790013
      64             0      0.429835      0.642709
      65             2       1.64209       1.22543
      66             1      0.503769       0.69178
      67             3       1.10629       1.00053
      68             0      0.776588       0.84768
      69             2      0.372914      0.603709
      70           2.5      0.553138      0.714128
      71           0.5      0.902574      0.906231
      72             0      0.855173      0.887402
      73             0      0.520182      0.701086
      74             0      0.796624      0.876872
      75             4       1.63069       1.21886
      76             0       1.09234      0.987156
      77             0       1.25669       1.05235
