       1             5       1.38977       1.13345
       2             2       1.49845        1.1035
       3           3.5       1.57818       1.19747
       4             5       3.97775       1.64252
       5             4        2.2447        1.3198
       6             2       1.84885       1.23371
       7            10       2.91735       1.49266
       8             4       2.67942       1.41775
       9           0.5       2.99793       1.58432
      10             2       1.82131       1.22589
      11           5.5       4.52074        1.7164
      12           3.5       2.23704       1.33267
      13             1       2.99739       1.48744
      14             3       2.79412       1.51185
      15             0       1.88672       1.25657
      16           7.5       4.26627       1.80628
      17           2.5       1.75321       1.21985
      18             2       1.89429       1.25746
      19           9.5       6.26746       2.16272
      20             6       2.91734       1.49265
      21             1        2.5758       1.43258
      22           6.5       3.36017       1.67859
      23             7       6.25186       2.19277
      24             2       3.49392       1.60266
      25            11        6.4238       2.21033
      26           5.5       5.03733       1.94171
      27             3       2.80688       1.46354
      28             3       3.89873       1.64663
      29             2         2.164       1.32806
      30             2       4.27254       1.65853
      31             4        3.4818       1.56033
      32             5       2.91734       1.49265
      33             4       4.52073        1.7164
      34             2       2.91735       1.49266
      35             6       4.52074        1.7164
      36             5       4.52074        1.7164
      37           4.5       4.52073        1.7164
      38             5       2.91735       1.49266
      39             4       2.90914       1.48995
      40             3       2.82538       1.46968
      41             6       2.91735       1.49266
      42             6       5.71766        2.0497
      43             2       2.91735       1.49266
      44           8.5       4.52074        1.7164
      45             2       2.31961        1.3362
      46             2       2.91152       1.42508
      47             3       4.00404       1.64227
      48             4       2.91735       1.49266
      49             0             0             0
      50           3.5       5.03713        1.9591
      51             0    0.00962959     0.0971809
      52           3.5       4.28281       1.66607
      53             2       2.91735       1.49266
      54           2.5       4.52073        1.7164
      55             5       2.91734       1.49265
      56             3       2.76907       1.44973
      57           6.5       2.52858        1.4018
      58             2       4.52074        1.7164
      59             4       3.95753       1.60984
      60           3.5       3.33859       1.53748
      61             8       2.91735       1.49266
      62             1       5.39001       2.09096
      63           4.5       2.71953       1.43925
      64           3.5       4.52074        1.7164
      65             0       3.90779       1.64613
      66             3       2.91735       1.49266
      67             4       4.00405       1.64227
      68             5       4.52074        1.7164
      69             4       2.91734       1.49265
      70           4.5         2.562       1.35494
      71             5       2.91734       1.49265
      72             5       4.52074        1.7164
      73             3       2.91735       1.49266
      74           2.5       1.98711       1.25976
      75           1.5       1.95521       1.30069
      76             1       2.91735       1.49266
      77             0       2.15915       1.32487
      78             0        3.1807       1.52907
      79             5       2.91734       1.49265
      80             7       4.52074        1.7164
      81             3       2.91735       1.49266
      82             1       2.39212       1.36913
      83           4.5       4.52074        1.7164
      84             6       6.78851       2.18917
      85             4       4.52074        1.7164
      86             1       3.31956       1.84419
      87             2       2.91735       1.49266
      88             8       2.91735       1.49266
      89             3       3.89873       1.64663
      90             6       6.77902       2.18195
      91           1.5       4.65455        1.8468
      92             2       1.70713       1.25093
      93             3       2.91734       1.49265
      94             3       3.90779       1.64613
      95             3       2.91735       1.49266
      96             5        2.3565       1.34959
      97             2       2.49263       1.40853
      98             3       2.91735       1.49266
      99             9       2.91735       1.49266
     100           2.5       4.52074        1.7164
     101             7       3.65099       1.64962
     102             4       2.91735       1.49266
     103             2       2.14441       1.30027
     104             1       4.11448       2.09765
     105             4       2.91735       1.49266
     106           5.5       4.72028       1.87042
     107             2       4.52074        1.7164
     108           8.5       4.96796       2.01158
     109             6       2.91735       1.49266
     110             0             0             0
     111           3.5       4.92868       1.93171
     112             8       4.52074        1.7164
     113             3       6.58448       2.26504
     114             6       2.31646       1.36922
     115           4.5       2.49263       1.40853
     116             3       4.52074        1.7164
     117             3       2.91734       1.49265
     118             3       2.27311       1.37121
     119             0             0             0
     120             2       2.91734       1.49265
     121             3       2.21757       1.33312
     122             3       4.52074        1.7164
     123             4       2.91734       1.49265
     124           3.5       4.17911       1.64992
     125             0       3.59453       1.57609
     126             1       4.52074        1.7164
     127             3       6.69799       2.29011
     128             5       4.23862       1.65656
     129           4.5       4.68938       1.88692
     130           6.5       3.34224       1.55725
     131             6       2.84279       1.47012
     132             0             0             0
     133             2       4.52074        1.7164
     134             8       2.91735       1.49266
     135             4       2.91735       1.49266
     136             6       2.91735       1.49266
     137             2       2.91735       1.49266
     138             3       2.91735       1.49266
     139             4       6.30563       2.19063
     140             6       3.87798        1.7057
     141           3.5        2.5515       1.40125
     142             4       3.37557       1.54224
     143             7        6.5788       2.25532
     144             5       6.55905       2.25191
     145             4        3.3316       1.52635
     146           5.5       5.50605       1.98401
     147             4       2.91734       1.49265
     148             5       2.91734       1.49265
     149             2       2.69546       1.38494
     150           2.5       2.13404       1.32416
     151           1.5       3.39821       1.67026
     152             5       2.91734       1.49265
     153             3       2.91735       1.49266
     154             5       2.91735       1.49266
     155           1.5       3.95769       1.64327
     156             5       4.52074        1.7164
     157             5       4.49867        1.7101
     158           8.5       6.29303       2.13721
     159             4       2.91734       1.49265
     160           7.5       2.53774       1.41164
     161           9.5       4.52074        1.7164
     162             7       2.91735       1.49266
     163             7       2.91735       1.49266
     164           6.5       4.95802       2.00235
     165             7       4.52074        1.7164
     166             7       5.11623       1.95221
     167             4       4.51861       1.71578
     168             1       4.52074        1.7164
     169           1.5       2.68593        1.4254
     170             3       4.52074        1.7164
     171           4.5       4.52074        1.7164
     172             6       2.91735       1.49266
     173             3       2.91735       1.49266
     174             1       2.91735       1.49266
     175             2       4.52073        1.7164
     176             5       4.66669       1.91197
     177             3       2.60395       1.37764
     178          13.5          5.86       2.08686
     179           4.5       4.52074        1.7164
     180             6       2.91735       1.49266
     181           1.5       2.40159       1.52673
     182             8        2.3145       1.35011
     183           3.5       2.69844        1.4346
     184             1       3.90778       1.64613
     185             5       4.52074        1.7164
     186           7.5       4.52074        1.7164
     187             1       2.88069       1.48114
     188           9.5       6.50122       2.20623
     189             0       4.52074        1.7164
     190             2       2.91735       1.49266
     191             8       4.52074        1.7164
     192           5.5       4.85964       1.94877
     193             2       2.91734       1.49265
     194             3       4.52074        1.7164
     195             0             0             0
     196             1       2.45291        1.3763
     197           2.5       2.67661       1.42726
     198             4       5.98895       2.13127
     199             4       4.09344       1.82009
     200           1.5       2.49263       1.40853
     201             3       2.91735       1.49266
     202             5       3.89874       1.64663
     203             4       2.91735       1.49266
     204            10       6.69317         2.276
     205           3.5       2.51365       1.41021
     206           7.5       3.88238       1.72909
     207           3.5       3.40628       1.57855
     208           6.5       2.28603       1.33426
     209             8       5.24617       1.98562
     210           2.5       4.52074        1.7164
     211             7       5.98566       2.08978
     212             1       2.91735       1.49266
     213             5       3.68638       1.59976
     214           4.5       4.52073        1.7164
     215             7       2.91735       1.49266
     216           2.5       2.32018       1.35591
     217           2.5       2.52509       1.34394
     218             3       2.91735       1.49266
     219             6       4.52074        1.7164
     220             3       2.91734       1.49265
     221             3       2.51364       1.41021
     222           4.5       2.18298       1.35024
     223             8       3.89873       1.64663
     224             6       4.52074        1.7164
     225           8.5       5.24024       2.04713
     226           2.5       1.65773       1.16881
     227             1       3.89874       1.64663
     228           5.5       3.89873       1.64663
     229             4       2.73808       1.44264
     230             5       4.52074        1.7164
     231           4.5       4.52074        1.7164
     232             0   0.000853478     0.0291894
     233            10       2.91735       1.49266
     234             0             0             0
     235             6       4.52074        1.7164
     236           4.5       4.52074        1.7164
     237             8       6.36895        2.1883
     238             3       5.04887       1.96096
     239             1       2.91735       1.49266
     240             2       1.89256       1.25612
     241             1       1.45726       1.09678
     242           2.5       5.46365       2.02104
     243             1       2.91734       1.49265
     244           1.5       2.36966       1.36731
     245             0       4.52074        1.7164
     246           5.5       4.52074        1.7164
     247             4       2.38991       1.39541
     248             0       1.58712        1.1476
     249             5       3.98408         1.636
     250             1       2.91735       1.49266
     251           5.5        3.8102       1.56036
     252             3       2.91735       1.49266
     253           5.5       4.52074        1.7164
     254           6.5       3.56834       1.65794
     255             1       1.45401       1.07864
     256             4       4.52074        1.7164
     257             0       3.89873       1.64663
     258             2       2.82503       1.46546
     259             4       2.91735       1.49266
     260            10       6.89632       2.28228
     261             5       4.29319       1.66842
     262             0       2.29225       1.34818
     263             2       2.91734       1.49265
     264             3       2.84847       1.47047
     265           4.5       4.96244       1.94241
     266           0.5       3.11849       1.53472
     267             1       2.91735       1.49266
     268             1       4.52074        1.7164
     269             0             0             0
     270             0             0             0
     271           4.5       5.01636       1.95055
     272           1.5       3.90778       1.64613
     273           2.5       4.11619       1.62482
     274             4       4.52074        1.7164
     275           1.5       2.06662       1.27011
     276           6.5       1.90388       1.24675
     277           3.5       2.17091       1.32748
     278           0.5       1.63674       1.16179
     279             7       6.46153       2.23101
     280           3.5       2.03651       1.29608
     281           3.5       1.78529       1.22291
     282             4       4.40046       1.68912
     283             2       2.12109         1.271
     284             6       2.91735       1.49266
     285             7       4.90627       1.95105
     286             4       2.91735       1.49266
     287           3.5       4.52074        1.7164
     288           0.5       3.13692         1.734
     289             5       2.91734       1.49265
     290             5       2.91735       1.49266
     291             1       4.52074        1.7164
     292             1       4.52074        1.7164
     293           3.5       1.91711       1.23367
     294             4       2.91735       1.49266
     295             1       2.49263       1.40853
     296             0       2.91735       1.49266
     297             3       4.52074        1.7164
     298             1       2.91735       1.49266
     299             8       2.91735       1.49266
     300           5.5       3.18573       1.53901
     301             7       2.91735       1.49266
     302             3       2.35222       1.25427
     303           1.5       4.00524       1.64224
     304           1.5       2.51432       1.43549
     305             2       2.61537       1.43329
     306             2       2.91734       1.49265
     307             5       4.52074        1.7164
     308           3.5       4.23165       1.85367
     309             2       2.91735       1.49266
     310           2.5       2.51951       1.44659
     311             4       2.93762       1.46111
     312             5       2.91735       1.49266
     313             5       4.52074        1.7164
     314           4.5       4.23862       1.65656
     315           4.5       3.14168       1.57556
     316           7.5       5.45435       2.00454
     317           4.5       4.03826       1.64295
     318             5       2.91734       1.49265
     319           1.5      0.768891       0.80259
     320             5       4.31005       1.82446
     321           5.5       2.73808       1.44264
     322             6       2.91735       1.49266
     323             2       2.91734       1.49265
     324             3       4.52074        1.7164
     325           0.5       3.67306       1.59301
     326           0.5       3.26414       1.54248
     327           5.5       4.00405       1.64227
     328             1       2.77967       1.45873
     329           3.5       4.36824       1.67888
     330             2       2.91735       1.49266
     331             8       2.91735       1.49266
     332           2.5       2.60298        1.4083
     333             1       2.91734       1.49265
     334             4       2.95408       1.53178
     335             4       3.94183       1.85806
     336             3       2.91735       1.49266
     337             1       2.65647       1.41829
     338             4       4.00523       1.64224
     339           2.5       3.63916       1.58344
     340           7.5       3.41893       1.56554
     341           3.5       2.26308        1.3542
     342             1       4.52074        1.7164
     343           1.5       3.42582       1.56956
     344             7       2.61837       1.40813
     345             8       2.91735       1.49266
     346             6       2.91734       1.49265
     347             8       6.00903       2.11491
     348             4       2.91735       1.49266
     349             3       4.52074        1.7164
     350             2       3.89874       1.64663
     351           1.5       2.94468       1.48237
     352             1       2.11214       1.32229
     353           1.5       3.90778       1.64613
     354             2       2.91734       1.49265
     355           1.5       2.78538        1.4665
     356             3       1.90765       1.25756
     357             4       4.52074        1.7164
     358           1.5        2.1468       1.32595
     359           5.5       6.52876       2.24484
     360           1.5       2.39226       1.36213
     361             1       2.84659       1.43409
     362             4       2.91735       1.49266
     363             5       2.91735       1.49266
     364             3       2.91734       1.49265
     365             1       2.91734       1.49265
     366             6       2.78754       1.45906
     367             1       2.91735       1.49266
     368           2.5       4.20263       1.64262
     369             5       2.91735       1.49266
     370           6.5       2.50021       1.39938
     371           8.5        4.4609       1.70076
     372           1.5       2.53576       1.40293
     373             5       2.88069       1.48114
     374           6.5        4.4609       1.70076
     375             2       3.38087       1.52907
     376             3        2.8807       1.48114
     377             8       5.74035         2.067
     378           6.5       3.73995       1.60275
     379             4        4.4609       1.70076
     380             2       3.48253       1.56971
     381             5       2.88069       1.48114
     382           6.5       4.43883        1.6944
     383           6.5       3.64213       1.74085
     384             5        4.4609       1.70076
     385             5        2.8807       1.48114
     386             3       3.97945       1.62692
     387           0.5       3.02477       1.78425
     388           4.5       2.11105       1.31307
     389             8        2.8807       1.48114
     390             0        2.8807       1.48114
     391             3        2.8807       1.48114
     392           2.5        2.5798       1.42195
     393           1.5       3.41405       1.65849
     394           2.5       3.82916       1.60714
     395             3        2.8807       1.48114
     396             0             0             0
     397             0             0             0
     398             8        2.8807       1.48114
     399           1.5       2.30628       1.30415
     400             3       2.88069       1.48114
     401             5        2.7862       1.45223
     402             1        4.4609       1.70076
     403             0       2.60143       1.41745
     404             9       2.50463       1.39217
     405           4.5        5.4947        2.0588
     406             2        2.8807       1.48114
     407             2       2.88069       1.48114
     408             2       1.26082       1.01752
     409             2       2.85825       1.42865
     410             2        4.4609       1.70076
     411           3.5       2.19773       1.33035
     412           0.5       2.44909       1.41415
     413             2       2.88069       1.48114
     414             2        4.4609       1.70076
     415           2.5       3.70628       1.57271
     416             4       3.91578        1.7213
     417             5       5.21292       1.98442
     418           5.5       2.51529       1.40068
     419           3.5       5.41009       1.96295
     420             2       1.92289       1.28305
     421             2       3.96922       1.62664
     422           4.5        4.4609       1.70076
     423             7        2.8807       1.48114
     424             9       2.45598       1.39632
     425             7        4.4609       1.70076
     426             2        2.8807       1.48114
     427             1       6.59125        2.2707
     428           1.5       2.45598       1.39632
     429             3        4.4609       1.70076
     430             0        2.8807       1.48114
     431             3        4.4609       1.70076
     432             3        4.4609       1.70076
     433             0        4.4609       1.70076
     434             0       3.74597       1.61321
     435             4        2.8807       1.48114
     436             1        2.8807       1.48114
     437             1       2.92818       1.59664
     438             4        2.8807       1.48114
     439             3        2.8807       1.48114
     440           2.5       3.92305       1.64264
     441             4       3.02037       1.49559
     442             3       2.58739       1.55299
     443             1        2.8807       1.48114
     444             2       2.88069       1.48114
     445             2       2.88069       1.48114
     446             3        4.4609       1.70076
     447             3        4.4609       1.70076
     448             2        2.8037       1.45737
     449           8.5        6.4214       2.20665
     450           7.5       4.52556       1.86865
     451             6        2.8807       1.48114
     452             5       2.88069       1.48114
     453             3        4.4609       1.70076
     454             2       3.32754       1.54938
     455           4.5       2.88119       1.47737
     456             0             0             0
     457             3        2.8807       1.48114
     458           5.5        3.5771       1.56184
     459             6        2.8807       1.48114
     460             2       2.09615       1.29964
     461           0.5       2.87521       1.43932
     462             3       3.97894       1.62676
     463           2.5       2.59839       1.42002
     464             1         2.809       1.45856
     465             5       3.65325       1.58807
     466             6        4.4609       1.70076
     467           8.5        2.2536       1.33153
     468           1.5       2.48314       1.38642
     469           2.5        4.4609       1.70076
     470             7        2.8807       1.48114
     471             3       2.65473       1.35952
     472             0             0             0
     473             4        2.8807       1.48114
     474           2.5       4.75143       1.93431
     475             2       5.04345       1.89287
     476             4        2.8807       1.48114
     477           3.5       5.57753       2.03653
     478             0      0.162678      0.331285
     479           5.5       3.97882       2.06681
     480             3        4.4609       1.70076
     481           6.5       2.70401        1.4315
     482             4        4.4609       1.70076
     483           0.5       3.28488       1.55314
     484           1.5       1.82569       1.21608
     485             4        4.4609       1.70076
     486             1       4.01615       1.74399
     487             4        2.8807       1.48114
     488           6.5       2.58274       1.47753
     489             0        2.8807       1.48114
     490             2       2.38956       1.36843
     491           3.5       4.23514       1.64885
     492             4       6.92263       2.20209
     493             1       1.40105       1.09074
     494             0       2.85383       1.48919
     495             4       2.38236       1.35971
     496           0.5       2.26374       1.34601
     497           1.5       3.14815       1.51399
     498             1       2.79456       1.45554
     499             0        4.4609       1.70076
     500             0             0             0
     501             3       2.21558       1.32388
     502             0       1.91656       1.22671
     503             0       5.48617       2.02798
     504             1        4.4609       1.70076
     505             1        2.8807       1.48114
     506             1       2.45598       1.39632
     507           1.5       2.23126       1.47718
     508             3       2.76942       1.49417
     509             0       1.69787       1.18183
     510             2       1.69938       1.19683
     511             0       3.55264        1.5472
     512             0       3.18153       1.56057
     513             1       2.88069       1.48114
     514             0       2.86244       1.47521
     515             0        4.4609       1.70076
     516             0        4.4609       1.70076
     517             0       2.53487       1.40284
     518             0       1.91656       1.22671
     519             0        4.4609       1.70076
     520             1        4.4609       1.70076
     521             0       1.41138       1.07827
     522             1       2.88069       1.48114
     523             2        2.8227       1.46254
     524             0       2.50109       1.39946
     525             2       2.92724        1.4615
     526             3       2.13231       1.34356
     527             0       2.88069       1.48114
     528             0        2.8807       1.48114
     529           3.5       2.52311       1.40394
     530             3        4.4609       1.70076
     531             0       2.88069       1.48114
     532             0       3.81534       1.62325
     533             3       3.49726       1.56018
     534             2       2.88069       1.48114
     535           0.5       3.86995       1.62817
     536             1       4.33694       1.66859
     537           3.5       4.18289       1.64129
     538           2.5       2.07549       1.30927
     539             2        4.1001        1.6216
     540             0       2.60547       1.38526
     541           5.5       5.74868       2.00756
     542             2       2.88069       1.48114
     543             1       4.33847       1.66986
     544             1       2.53133       1.42083
     545             0       1.27989       1.01879
     546             3       2.40196       1.36993
     547             3        4.2025       1.63527
     548           2.5       2.55016       1.43297
     549             2       2.87402        1.4789
     550             2        2.9426       1.45711
     551             3        4.4609       1.70076
     552             3       1.66501       1.17537
     553             2       2.88069       1.48114
     554           6.5       5.20076       2.00665
     555           5.5       3.26741       1.47736
     556             3        2.8807       1.48114
     557             3       2.46343       1.37784
     558             3        2.8807       1.48114
     559           4.5        4.8828       1.92705
     560             0             0             0
     561             2        3.8389       1.63033
     562             5        4.4609       1.70076
     563             1        2.8807       1.48114
     564           5.5       3.83889       1.63032
     565             1       1.91296       1.24611
     566             2       1.64145       1.17104
     567           1.5       2.84068       1.48287
     568             2       4.07708        2.0891
     569           2.5       3.75964       1.67306
     570           2.5       4.52074        1.7164
     571             4       3.79448       1.62688
     572             2       2.91734       1.49265
     573             2       2.08583       1.29973
     574             2       4.52074        1.7164
     575             2       2.84279       1.47013
     576             2       2.91734       1.49265
     577             6       6.06452       2.14321
     578           6.5       4.95052       1.93524
     579           5.5       3.68455       1.77002
     580             3       2.33023       1.37608
     581             8       6.79331       2.28193
     582             2       4.52074        1.7164
     583           8.5       6.46423       2.21931
     584             1       2.69844        1.4346
     585           5.5       4.52074        1.7164
     586             3       3.59278       1.66841
     587           4.5       2.82657       1.44868
     588           4.5       4.24698       1.67938
     589             2       2.91735       1.49266
     590           6.5       4.52074        1.7164
     591           2.5       2.80351       1.54116
     592             2        3.3429       1.55441
     593             4       4.52074        1.7164
     594           2.5       2.35477        1.3092
     595             2       2.91735       1.49266
     596             1       4.11448       2.09765
     597           9.5       4.52074        1.7164
     598           8.5       4.52074        1.7164
     599             0             0             0
     600             2       1.91707       1.32561
     601           3.5       3.01137       1.45982
     602           3.5       3.33595       1.54786
     603           0.5       3.01495       1.61284
     604           3.5       2.20156       1.34172
     605             1       2.91735       1.49266
     606           6.5        3.5031       1.54062
     607             3       2.78853       1.45315
     608             6       4.52074        1.7164
     609             2       2.91735       1.49266
     610             6       6.27591       2.13962
     611           1.5       2.67022       1.45585
     612             5       1.72667        1.2187
     613             2       2.86105       1.44707
     614             2       2.37502       1.38375
     615             3       2.16724        1.3611
     616           1.5       2.25686        1.3563
     617           3.5       2.91083       1.48827
     618           0.5       2.45464       1.38215
     619           4.5       1.86696       1.24661
     620             5       2.21328       1.30156
     621           2.5        1.9669       1.26228
     622             2       1.76723       1.22521
     623           4.5        4.0899       1.73345
     624           3.5       3.11817       1.59117
     625           5.5       3.92401        1.7135
     626           2.5       2.27311       1.37121
     627             4       5.02618       1.88589
     628             5       2.98198       1.40225
     629             3       2.51365       1.41021
     630             0       2.06165       1.25577
     631             5       2.12723       1.32366
     632             2       2.91735       1.49266
     633             0             0             0
     634             6       4.48247       1.70564
     635             1       2.57153         1.415
     636             2       2.34904       1.35588
     637           1.5        2.1499       1.32392
     638           2.5       4.52074        1.7164
     639           9.5       6.70027       2.27781
     640             5       5.60933       2.14135
     641             5       3.59779       1.63732
     642             2       2.91734       1.49265
     643             2       5.80563       2.14389
     644             3       2.91735       1.49266
     645             3       4.52074        1.7164
     646             2       2.91735       1.49266
     647             8       4.23862       1.65656
     648             3       2.24056       1.31602
     649           1.5       2.00368       1.41281
     650             5       3.39227       1.56865
     651           1.5       2.49786        1.3913
     652             4       4.31809       1.82564
     653             2       3.43427       1.73254
     654           4.5        3.5775       1.59659
     655             0       1.86842        1.2749
     656           4.5       4.00523       1.64224
     657             3       4.35774       1.83122
     658             2        2.2966       1.40161
     659             5       4.51116       1.71365
     660           5.5       4.00404       1.64227
     661             1       3.95419        1.6355
     662           2.5       3.24302        1.5465
     663             3       3.83598       1.56184
     664             3       2.57152       1.41499
     665             1       2.91735       1.49266
     666             1       2.83362       1.47151
     667             1       3.71409        1.6089
     668           3.5       2.46289        1.3797
     669             0         3.668       1.96329
     670             5       3.84798       1.60765
     671           1.5       2.49369       1.40183
     672             2       2.16294       1.33485
     673             2       3.46884       1.74264
     674             1       2.74067       1.44341
     675             1       3.06343       1.62641
     676           3.5       2.26045       1.34893
     677             4       4.07821       1.64596
     678             1       2.98189       1.54208
     679             5       2.63293       1.42509
     680           2.5       2.34883       1.35956
     681             1       2.91735       1.49266
     682           3.5       3.67284       1.69498
     683             3       2.91734       1.49265
     684             4        4.9845       1.94192
     685             1       3.38323       1.56918
     686             2       2.51365       1.41021
     687             0       2.80558       1.46099
     688             2       4.68206       1.89257
     689             0       1.96455       1.28153
     690             3       4.75938        2.0095
     691             5       1.67984       1.20635
     692           2.5       3.66807       1.56626
     693             3       2.54233       1.37666
     694           1.5       1.91994       1.22254
     695             0      0.875269      0.800884
     696             0             0             0
     697             3       4.26013       1.82658
     698             7        6.5246        2.2656
     699             5       6.45166       2.21819
     700             3       5.53271       2.11986
     701           1.5       2.61246       1.63211
     702             1       3.20565       1.51898
     703           3.5       2.49263       1.40853
     704             7       6.62075       2.19701
     705             2       3.89874       1.64663
     706             6        3.8657       1.73435
     707             3       5.80004       2.16546
     708           1.5        2.2628       1.31882
     709             2        2.8532       1.47242
     710           0.5        2.8315       1.49845
     711           1.5       2.61521       1.39202
     712           1.5       3.38322       1.56918
     713           1.5       3.15692       1.52015
     714           1.5       3.76324       1.71884
     715             2       3.61661       1.58416
     716           2.5       3.35574       1.56947
     717             7       4.40799       1.83428
     718           3.5       3.84886       1.76472
     719             2       4.77723        1.9091
     720             2       1.91396       1.25755
     721           1.5       3.68749       1.74785
     722             3       4.52074        1.7164
     723           0.5        1.7116       1.14823
     724             2       3.83061       1.59917
     725             2       5.05219       1.96168
     726             4       2.71813       1.43824
     727             3       2.91735       1.49266
     728             1       2.15092       1.30392
     729           2.5       2.39272        1.3446
     730           1.5       3.47669       1.57804
     731             2       5.00836       2.02142
     732           1.5       2.07427       1.28118
     733           4.5        3.6026       1.63179
     734             5       2.91735       1.49266
     735           4.5       4.17923       1.76156
     736             5       2.91735       1.49266
     737           6.5       4.98949        1.9513
     738           0.5       4.11289       1.72476
     739             4       2.91735       1.49266
     740             3       4.00524       1.64224
     741             6       4.52074        1.7164
     742             1       3.00706       1.47201
     743             0      0.466078      0.635328
     744           3.5       1.70292       1.19357
     745             4       2.53775       1.41165
     746           3.5        2.7918       1.46048
     747           0.5       1.76796        1.2128
     748             4       3.89874       1.64663
     749             2       3.39049       1.66948
     750             5        2.5173       1.38388
     751           4.5       3.89965       1.58841
     752             3       2.91735       1.49266
     753             2       2.46656       1.53377
     754             3       3.29416       1.52675
     755             3       2.91735       1.49266
     756             6       6.21341       2.19831
     757             2       2.76487        1.6504
     758           2.5       3.38322       1.56918
     759             6       5.83783       2.15749
     760             4       2.91735       1.49266
     761             7       5.03021       1.96129
     762             6       5.83125       2.07758
     763             3       2.91735       1.49266
     764           2.5        2.5996       1.42661
     765             5       2.91158       1.49074
     766           6.5       4.52074        1.7164
     767           3.5       4.12258       1.63782
     768           7.5       6.10935        2.1276
     769           2.5       2.49263       1.40853
     770             4       4.51116       1.71365
     771             5       3.03624       1.49173
     772             2       2.91734       1.49265
     773           1.5       3.34542       1.55107
     774           3.5       4.52074        1.7164
     775             4       3.74813       1.62456
     776           5.5       4.58656       1.87545
     777           3.5       4.97001       1.94174
     778           3.5       2.53686       1.41156
     779           2.5       2.49263       1.40853
     780           3.5       3.59808       1.68695
     781             4       2.91735       1.49266
     782             7       5.40484       2.07784
     783             3       4.52074        1.7164
     784           3.5       2.78705       1.43563
     785           3.5       3.14802       1.67745
     786           5.5       3.89874       1.64663
     787             7       4.18634       1.88979
     788             2       2.84777       1.46901
     789             1       4.10137       1.65383
     790             4       2.91734       1.49265
     791             0             0             0
     792           0.5       1.31787       1.06243
     793             1       4.66378       1.98829
     794             1       4.52073        1.7164
     795             3       2.91735       1.49266
     796             1       1.33448      0.937115
     797           6.5       6.26312       2.18591
     798             7       2.91735       1.49266
     799             2       4.52074        1.7164
     800           2.5       2.85534       1.52499
     801             9       2.49263       1.40853
     802             5       2.91735       1.49266
     803             2       2.91735       1.49266
     804           0.5       3.77714       1.77453
     805          14.5       6.09828       2.12765
     806             1       3.90778       1.64613
     807           6.5       6.01374       2.12978
     808             4       3.03224       1.55527
     809           2.5       4.52074        1.7164
     810           2.5       2.64846       1.40141
     811             0             0             0
     812             4       2.89287       1.48477
     813             1       4.87813       1.92348
     814             7       2.91735       1.49266
     815             5       2.49263       1.40853
     816           0.5       2.85161       1.48606
     817             2       1.96456       1.28153
     818             1       2.91735       1.49266
     819           1.5       3.38323       1.56918
     820           0.5       2.58227       1.40892
     821             1       2.91735       1.49266
     822             1       2.91735       1.49266
     823           1.5       2.64195       1.42058
     824             2       2.60875       1.63057
     825           2.5       2.57242       1.41508
     826           3.5       4.96142       1.94819
     827             0             0             0
     828             5       5.61788       2.05773
     829             0             0             0
     830             0             0             0
     831             5       3.19183       1.62784
     832           2.5       2.64702       1.40898
     833           2.5       3.74824        1.6246
     834           5.5       2.62803       1.47737
     835           2.5       3.29482       1.60355
     836           2.5       4.47765       1.70433
     837           1.5       2.49944         1.409
     838             0             0             0
     839             4       4.52074        1.7164
     840             5       4.52074        1.7164
     841             2        3.3529       1.55371
     842           5.5       3.57716       1.70606
     843             3       4.52074        1.7164
     844             0             0             0
     845             3       4.52074        1.7164
     846             4       4.95524       2.00219
     847             0             0             0
     848             4       2.91735       1.49266
     849             8       3.28021       1.54178
     850             4       2.91735       1.49266
     851           5.5       2.61282       1.41787
     852           3.5       4.52074        1.7164
     853             3       4.01893       1.78794
     854             6       2.69777       1.43437
     855             7       2.91735       1.49266
     856             4       2.91735       1.49266
     857             3       2.40422       1.28088
     858             0             0             0
     859           2.5       2.41712       1.38537
     860           2.5       2.13241       1.46272
     861             2       2.90092       1.48725
     862             2       3.89802       1.63836
     863             2       2.91735       1.49266
     864             2       3.62561       1.57596
     865             1      0.838184       0.79769
     866           1.5       2.13405       1.32417
     867             3       4.52074        1.7164
     868             5       2.91735       1.49266
     869           3.5       3.22892        1.5257
     870           5.5       4.93478       1.93508
     871             8        4.4076       1.84003
     872             2       4.52074        1.7164
     873             2       2.91735       1.49266
     874             0             0             0
     875             0             0             0
     876             2       2.87552       1.47942
     877             4       2.91735       1.49266
     878             3       2.91734       1.49265
     879             3       5.08245       1.90488
     880             2       2.91735       1.49266
     881             7       5.15969       1.99019
     882             7       4.52074        1.7164
     883             2       4.39224         1.687
     884           8.5       5.11895        1.9805
     885           5.5       4.52074        1.7164
     886             2       2.91734       1.49265
     887             4       2.91735       1.49266
     888             3       4.52073        1.7164
     889             3       4.52074        1.7164
     890             2       3.51363       1.58607
     891           3.5       4.52074        1.7164
     892             2       2.91735       1.49266
     893             1       4.52074        1.7164
     894             2       1.27604      0.930205
     895             2       2.75891       1.48232
     896             1       3.26027       1.68937
     897             6       4.91059       1.92812
     898             3       2.91735       1.49266
     899             5       2.91735       1.49266
     900             5       4.52074        1.7164
     901             2       2.86738       1.47671
     902             2       4.52074        1.7164
     903             3       2.91735       1.49266
     904           2.5       4.52073        1.7164
     905           3.5       4.52074        1.7164
     906             2       2.77007       1.48126
     907             6       4.46221       1.70029
     908             2       2.91735       1.49266
     909             5       2.91735       1.49266
     910             2       2.91734       1.49265
     911             4       4.55365       1.79981
     912             6       2.91735       1.49266
     913             2       2.91735       1.49266
     914             0             0             0
     915             1       2.91735       1.49266
     916             0       2.91735       1.49266
     917             6       4.27238       1.76594
     918             2       2.91735       1.49266
     919             1       2.91735       1.49266
     920             8       2.91067       1.49044
     921             3       4.52074        1.7164
     922             4       2.91735       1.49266
     923             4       2.91735       1.49266
     924             1       2.79983       1.43794
     925             2       4.52074        1.7164
     926             1       4.11448       2.09765
     927           3.5       4.52074        1.7164
     928             1       2.91735       1.49266
     929             3       3.79448       1.62688
     930             2       4.11448       2.09765
     931             4       2.91735       1.49266
     932             3       2.91734       1.49265
     933             4       4.52074        1.7164
     934           4.5       4.52074        1.7164
     935             4       5.01724       1.93708
     936             5       2.91735       1.49266
     937             6       6.45968       2.23271
     938             6       4.93576       1.92391
     939             4       4.15614       1.82088
     940             3       2.91734       1.49265
     941             1       2.91735       1.49266
     942             4       2.84114       1.46891
     943             0       5.00836       2.02142
     944           1.5       3.89873       1.64663
     945             6        3.1431       1.49621
     946             8       2.91735       1.49266
     947             6       4.52074        1.7164
     948           3.5       4.52074        1.7164
     949             2       2.91735       1.49266
     950             1       2.91734       1.49265
     951             6       4.91618       1.93749
     952           2.5       3.75893       1.70842
     953             2       2.91735       1.49266
     954             4       2.66897       1.39119
     955             4       4.52074        1.7164
     956             3       2.91735       1.49266
     957           1.5       3.08313        1.7922
     958             5       4.52074        1.7164
     959           0.5       1.81334        1.2236
     960           8.5       4.52074        1.7164
     961             3       2.91734       1.49265
     962             4       2.30551       1.34916
     963           4.5       4.52074        1.7164
     964             7       3.86442       1.70854
     965           6.5       4.65928       1.85547
     966             7       2.37527       1.36072
     967             7       5.01757       1.95468
     968             7       2.91735       1.49266
     969             4       2.91735       1.49266
     970             4       2.13405       1.32417
     971             4       2.91734       1.49265
     972             2       3.60778       1.60927
     973             4       4.52074        1.7164
     974             2       2.57152       1.41499
     975           1.5       2.31449       1.35011
     976           5.5       4.28281       1.66607
     977             4       2.91735       1.49266
     978             2       2.91734       1.49265
     979             2       5.00836       2.02142
     980             5       2.91735       1.49266
     981           4.5       3.58868       1.57215
     982             5       5.65432       2.04811
     983           7.5       4.23854       1.81648
     984             4       2.32156       1.35819
     985             2       2.91735       1.49266
     986           4.5       4.50837       1.71285
     987             5       2.91735       1.49266
     988           5.5       6.58971       2.27692
     989             5       2.91735       1.49266
     990             5       2.88102        1.4809
     991             9       6.77042       2.24865
     992             4       4.95398       1.99305
     993             1       4.20288       1.64331
     994           4.5       2.39814        1.3781
     995             2       2.91735       1.49266
     996           1.5       3.18834       1.53011
     997             4       2.91734       1.49265
     998           3.5       4.52074        1.7164
     999           1.5       3.96938       1.75691
    1000             4       6.03772       2.14148
    1001             2       4.52074        1.7164
    1002             0       3.79448       1.62688
    1003             2       2.91735       1.49266
    1004           3.5       4.52074        1.7164
    1005             3       2.96357       1.45425
    1006            10       4.52074        1.7164
    1007             0       2.91735       1.49266
    1008             3       2.91735       1.49266
    1009             2       4.52074        1.7164
    1010             3       2.80987       1.46074
    1011           5.5        4.9906       1.95119
    1012             5       2.91734       1.49265
    1013             4       2.88102        1.4809
    1014             1       1.70461       1.16705
    1015             2       2.91734       1.49265
    1016             3       3.53116       1.63574
    1017           5.5       3.98375       1.66406
    1018             5       4.41596       1.68887
    1019             4       2.35366       1.34383
    1020             0        3.0976       1.57418
    1021            10       4.52074        1.7164
    1022             1       5.07227       1.96734
    1023             3       4.52074        1.7164
    1024             4       2.91735       1.49266
    1025             5       2.91735       1.49266
    1026             4       4.06493       2.03742
    1027             2       2.91734       1.49265
    1028           9.5       5.98988       2.12176
    1029             0             0             0
    1030             7       2.91735       1.49266
    1031             1       2.91734       1.49265
    1032             3       4.52074        1.7164
    1033             3       3.32475       1.55423
    1034             6       6.96529       2.23146
    1035          10.5        6.4966        2.2036
    1036             8       6.20326       2.13199
    1037             6       2.91735       1.49266
    1038             4       2.91734       1.49265
    1039             2       3.84121       1.62687
    1040             9       5.03904       1.99533
    1041           3.5       3.28379       1.56287
    1042           3.5       4.33515       1.83053
    1043             2       2.91735       1.49266
    1044           2.5       3.89874       1.64663
    1045             3       4.52074        1.7164
    1046             5       2.46996       1.39888
    1047           2.5       3.91854       2.05303
    1048             5       3.43264       1.53176
    1049             3       2.91734       1.49265
    1050           2.5       4.52074        1.7164
    1051           2.5       4.01931       1.67689
    1052           4.5        3.9233       1.61927
    1053           3.5       2.74066       1.44341
    1054             0             0             0
    1055             2       2.91735       1.49266
    1056             0       2.31595       1.35624
    1057           4.5       4.52074        1.7164
    1058             4       2.91735       1.49266
    1059             4       4.34664       1.67501
    1060             2       2.55733        1.4138
    1061             5       2.64669       1.38329
    1062             6       2.91735       1.49266
    1063             4       3.49104       1.64669
    1064             0       2.99604       1.51841
    1065             3       4.52074        1.7164
    1066             2       2.91735       1.49266
    1067           4.5       2.43209        1.4133
    1068             5       3.38204       1.56921
    1069             3       4.24273       1.65748
    1070             0             0             0
    1071           1.5       2.17244       1.32982
    1072             2       2.91734       1.49265
    1073           8.5        5.7896       2.06176
    1074             4       2.91004       1.49023
    1075           2.5       2.75242       1.38946
    1076            10       5.04938       1.96527
    1077           1.5       2.81142        1.4487
    1078           2.5       2.72706       1.41277
    1079           5.5       4.24273       1.65748
    1080           3.5       4.52074        1.7164
    1081           2.5       2.19192       1.32926
    1082             7       2.30633       1.44383
    1083             1       2.76607       1.45068
    1084           9.5       5.58895        2.0521
    1085             3       3.62072       1.58512
    1086             1       2.91734       1.49265
    1087             0       2.98157       1.49926
    1088             6       4.52074        1.7164
    1089           4.5       3.91425       1.67434
    1090             4       6.51108         2.244
    1091             2       2.89149       1.48429
    1092           4.5       2.67023       1.45585
    1093             3       4.52074        1.7164
    1094             7       6.45812       2.18672
    1095           5.5       4.72517        1.9622
    1096             2       4.52074        1.7164
    1097             4       2.91735       1.49266
    1098           3.5       2.82302       1.43356
    1099           7.5       4.13388       1.77504
    1100             6       4.44082       1.69566
    1101           9.5        4.4218       1.69023
    1102             9        5.2582       1.94583
    1103             1       2.57241       1.41508
    1104             3       4.52074        1.7164
    1105             1       3.41523       1.57522
    1106           5.5       4.52074        1.7164
    1107             3       2.91735       1.49266
    1108           3.5        4.1173       1.74647
    1109             0       2.91735       1.49266
    1110           5.5       4.52074        1.7164
    1111             6       2.57615       1.41695
    1112           5.5       3.89873       1.64663
