       1             1       1.76675       1.20017
       2             0       1.86956       1.23477
       3             2       1.94754       1.27078
       4           4.5       1.83606       1.20252
       5           2.5       2.63072       1.41701
       6           7.5       2.63072       1.41702
       7             3       4.07762       1.63123
       8             3       4.07761       1.63123
       9             3       2.63072       1.41701
      10             1       2.07603       1.28142
      11             5       3.00666       1.49644
      12             5       3.00666       1.49644
      13             0       1.64466       1.16919
      14             3       4.63432       1.70352
      15           2.5       2.56861       1.50128
      16             2       2.96802       1.42692
      17           4.5       5.38661       1.99496
      18             2       2.99729       1.49337
      19             0       2.56356       1.40647
      20             0       3.41179        1.5582
      21           5.5       2.93057       1.44003
      22           2.5       3.50666       1.63976
      23           3.5       2.27451       1.35602
      24             0      0.974794      0.939515
      25             0       0.71013      0.765644
      26           0.5       1.40085       1.08764
      27             0      0.982184      0.949218
      28           3.5       1.81878       1.20364
      29             2       1.41378       1.06642
      30           2.5       1.73842       1.20689
      31             0    0.00758608     0.0864348
      32             0    0.00758608     0.0864348
      33             0      0.191004       0.41534
      34           0.5      0.399155      0.587516
      35             1      0.399155      0.587516
      36             0      0.806646      0.765588
      37             0             0             0
      38             1        1.7993        1.1322
      39             0      0.312001      0.522698
      40             0      0.413741      0.555016
      41             0      0.236597      0.458382
      42             0       0.29929      0.534166
      43             1      0.693604      0.706144
      44             0      0.191374      0.422205
      45             0      0.312184      0.527098
      46             1      0.312184      0.527098
      47             0      0.199809      0.417944
      48           0.5      0.191374      0.422205
      49           0.5      0.306687      0.458739
      50             1      0.191375      0.422206
      51             0      0.102866      0.306696
      52             0      0.133941      0.357219
      53           0.5     0.0516718      0.221958
      54             0     0.0751303      0.269878
      55             0      0.107842      0.321567
      56             0      0.107841      0.321566
      57             0      0.177439      0.406813
      58             0      0.885981      0.889132
      59             2      0.927595      0.906824
      60             2      0.925407      0.905621
      61             1      0.922856      0.910167
      62           0.5      0.440331      0.621128
      63             0       1.21967       1.03902
      64             0      0.864212      0.864533
      65             3       1.15769       0.94914
      66           1.5       1.04563      0.944286
      67           2.5      0.945236      0.925134
      68             2       1.05526      0.943999
      69           3.5       1.67474       1.16701
      70             3       1.94887       1.27073
      71             2       2.36198       1.30305
      72             2       1.32608       1.01135
      73           3.5       1.85304       1.22485
      74             4       2.33319       1.30402
      75             1       1.15623       1.00203
      76           2.5       2.26639       1.34646
      77           1.5       2.02169       1.25986
      78             3       1.92479       1.23707
      79           1.5       2.71654       1.45378
      80           1.5       1.66013       1.20654
      81           6.5       2.26554        1.3266
      82           0.5       1.66863       1.14321
      83             1       2.38053       1.33895
      84           3.5       2.57296       1.40061
      85             6       2.62453       1.41536
      86           1.5       2.34035       1.35071
      87           2.5       2.42787       1.36251
      88           0.5       1.99083       1.28333
      89             3       3.93992       1.63276
      90             2       3.00666       1.49644
      91           3.5       5.28242       2.03927
      92             1        2.6075       1.41418
      93             8       5.83428       2.05162
      94             2       4.63432       1.70352
      95             3       2.67877       1.42454
      96             3       3.00666       1.49644
      97             5       4.53217       1.67638
      98           0.5       2.47496       1.39757
      99             2       3.75474       1.62035
     100             3       3.00665       1.49644
     101             1       2.63902       1.41746
     102             2         2.822       1.43684
     103             2       3.00666       1.49644
     104             5        3.8275       1.62074
     105           6.5       4.63432       1.70352
     106             3       1.86931       1.22817
     107             4       3.00665       1.49644
     108             4       4.14869       1.67496
     109             2       1.61609       1.18579
     110             3       1.36582       1.09326
     111           2.5       2.89301       1.47632
     112           2.5        1.6502       1.17637
     113            11       4.63432       1.70352
     114           2.5       2.29603       1.18985
     115             4       3.92205        1.5797
     116             1       2.89815       1.44398
     117             6       4.63432       1.70352
     118             3       3.00666       1.49644
     119             3       4.63432       1.70352
     120             4       4.63432       1.70352
     121             3       3.00666       1.49644
     122           2.5       1.88639       1.12059
     123           5.5       2.60604       1.41402
     124             6        6.7583       2.17132
     125             2       3.00665       1.49644
     126             1       3.00666       1.49644
     127             1       4.60597       1.69554
     128             2       4.63432       1.70352
     129             2       4.63432       1.70352
     130             3       4.63432       1.70352
     131           6.5       4.63432       1.70352
     132             3       4.01078       1.63319
     133           4.5       4.63432       1.70352
     134           7.5         6.276       2.12766
     135           5.5       2.58071        1.4124
     136             5       2.58533       1.40653
     137             5       4.63432       1.70352
     138           7.5       4.63432       1.70352
     139           5.5       2.17322       1.32436
     140             3       3.09478       1.50096
     141           1.5       3.73026       1.59505
     142             0             0             0
     143             4       3.00665       1.49644
     144           2.5        1.4646       1.09257
     145             2       2.91191       1.46966
     146             5       4.42342       1.91425
     147             3       2.48597       1.38399
     148             1       1.37326       1.04001
     149             3       2.91192       1.46966
     150             3       3.62461         1.574
     151           3.5       2.37048        1.3175
     152             1       2.34681       1.39677
     153           3.5       2.59917       1.41364
     154             5       4.63432       1.70352
     155             3       4.59769        1.6932
     156             7       6.07482       2.06777
     157           0.5        1.6445       1.15107
     158           7.5       4.63432       1.70352
     159             3       4.63432       1.70352
     160             3       4.63432       1.70352
     161             6        4.8549       2.08974
     162             0       3.00666       1.49644
     163             4       5.29395        2.0125
     164             6       6.04637        2.0729
     165           3.5       4.47174       1.96419
     166           1.5       4.63432       1.70352
     167             6       2.95358       1.47964
     168             7       3.00666       1.49644
     169             4        6.2683       2.13675
     170             2       4.04646       1.63108
     171           0.5       1.86704       1.21984
     172             4        2.3769       1.36454
     173             3       3.00666       1.49644
     174             7       5.45132       1.94347
     175             2       3.00666       1.49644
     176             2       4.63432       1.70352
     177           3.5       4.63432       1.70352
     178             5       4.63432       1.70352
     179           5.5       4.63432       1.70352
     180             2       3.00666       1.49644
     181           2.5       3.94877       1.74495
     182             2       2.59917       1.41364
     183           3.5       2.47062        1.3229
     184             1       4.63432       1.70352
     185             2       2.52184       1.38886
     186           5.5       2.67877       1.42454
     187           7.5       3.53791        1.5707
