       1             9       4.59836       1.80689
       2           6.5        5.8191       1.88142
       3           8.5       6.41745       2.14177
       4           5.5       4.17264       1.73823
       5           6.5       4.09841       1.83915
       6             4       3.47531       1.61872
       7             3       2.40929       1.35106
       8           8.5       5.94145       1.85692
       9           6.5       2.94178       1.49787
      10             3       4.59835       1.80689
      11             8       7.00443       1.99731
      12             5       5.94712       1.93238
      13            10       4.59836       1.80689
      14           5.5       4.25727        1.7488
      15             9       7.00444       1.99731
      16             8       7.97574       2.39471
      17             7       4.59836       1.80689
      18             6       4.59836       1.80689
      19             9       8.37596       2.50994
      20           8.5       6.21353       1.89776
      21           2.5       3.30283       1.54802
      22             7       7.00444       1.99731
      23             5       4.10926       1.71214
      24           3.5       1.51371         1.101
      25           4.5       2.83524       1.48869
      26             3       5.65763       1.82187
      27           2.5       4.72445       1.68247
      28          10.5       8.25037       2.52083
      29           4.5       4.14656       1.73701
      30             6       7.00444       1.99731
      31             4       4.59836       1.80689
      32             1       5.90995       1.93205
      33           5.5       7.00443       1.99731
      34             8       4.59836       1.80689
      35           9.5       7.02164       2.20253
      36             5       4.59836       1.80689
      37             5       7.00444       1.99731
      38             4       4.59836       1.80689
      39             5       4.33033       1.74021
      40             2        2.7675       1.42556
      41           3.5       6.53509       1.93342
      42             2       4.59836       1.80689
      43             2       4.59836       1.80689
      44             8       7.00444       1.99731
      45           7.5       5.01163        1.7694
      46             7       5.17012       1.93035
      47             5       4.59836       1.80689
      48             7       6.38548         1.938
      49          11.5       5.83213       2.11968
      50           9.5       7.00444       1.99731
      51             3       4.59836       1.80689
      52            10       7.00444       1.99731
      53             0             0             0
      54           8.5       3.57842        1.6323
      55           9.5       8.34223       2.52556
      56           8.5       4.10288       1.64293
      57             5       5.29591       1.97001
      58             4       5.92014       1.93329
      59          10.5        7.8681       2.52429
      60             4       3.73076       1.64118
      61             2       4.59836       1.80689
      62             0       5.72297       1.86416
      63           6.5       7.00444       1.99731
      64             5       4.59836       1.80689
      65             3       4.59836       1.80689
      66             4       6.59935        2.0844
      67           5.5       6.48554       1.92939
      68           4.5       7.36081       2.25114
      69             4       4.59836       1.80689
      70             5       4.59836       1.80689
      71             0             0             0
      72           4.5       7.23108       2.25983
      73             6       6.21662       1.89808
      74           4.5       7.16327       2.27469
      75             6       4.59836       1.80689
      76           8.5       7.83942        2.3995
      77             6       7.00444       1.99731
      78             9       4.59836       1.80689
      79             6       3.61534       1.63563
      80             4       4.59836       1.80689
      81             5       4.59836       1.80689
      82             4       7.00444       1.99731
      83           7.5       7.00444       1.99731
      84             3       7.92738       2.39196
      85             6       5.84254       1.87324
      86           2.5        6.6077       2.06596
      87             5       4.59835       1.80689
      88             6       10.5691       2.76844
      89             1       4.93985       1.82207
      90             4       4.59836       1.80689
      91            11       10.0605       2.68242
      92             6       4.59836       1.80689
      93             3       4.59836       1.80689
      94             3       6.11503       2.01462
      95             3       5.15622       2.21797
      96           4.5       7.00444       1.99731
      97             2       4.59836       1.80689
      98             5       7.00444       1.99731
      99             2       4.59836       1.80689
     100             4       6.49809       2.05656
     101           3.5       4.14656       1.73701
     102             8       8.09523       2.35102
     103             3       4.70565       1.71099
     104             5       5.47068       2.09154
     105             4       5.33335       1.83622
     106             7       5.85237        2.0237
     107             3       3.83512       1.67215
     108           8.5       7.00444       1.99731
     109            10       8.27684       2.51672
     110             3       4.59835       1.80689
     111             8       4.71777       1.73676
     112             5       7.00443       1.99731
     113           7.5       7.00443       1.99731
     114           4.5       6.07897       1.90791
     115             5       3.89351       1.67613
     116             5       7.00444       1.99731
     117             3       7.00444       1.99731
     118           5.5       6.04849       1.88014
     119             2       5.78912       1.92021
     120             5       7.00444       1.99731
     121             3       4.59836       1.80689
     122             8       4.59836       1.80689
     123             2       4.59836       1.80689
     124             3       4.59836       1.80689
     125             5       4.29193       1.74757
     126          12.5       10.5237       2.64999
     127             4       7.00444       1.99731
     128             3       4.59836       1.80689
     129           5.5       4.29558       1.74755
     130             7       4.59836       1.80689
     131           7.5       5.14636       1.71434
     132             6       7.00444       1.99731
     133             5       4.59836       1.80689
     134            10       7.00444       1.99731
     135           4.5       3.32835        1.5954
     136           8.5       7.00444       1.99731
     137             0             0             0
     138             6       4.59836       1.80689
     139           9.5       6.72194       2.07333
     140             5       4.23254       1.65368
     141             4       1.99962       1.23646
     142             4       3.29417       1.55409
     143             6       4.59836       1.80689
     144             3       2.74535       1.35082
     145           0.5      0.563633      0.666274
     146           0.5      0.591815      0.607312
     147           0.5      0.599993       0.65039
     148             0       1.31571      0.905782
     149             1       1.24266      0.932328
     150             2       4.31254       1.64782
     151             3       1.87164        1.3001
     152             3       4.19687       1.73966
     153           3.5       3.30091       1.58144
     154             8       4.59836       1.80689
     155             5       8.33415       2.54734
     156             7       6.29723       2.12641
     157             3       3.04937       1.51157
     158          14.5        8.3865       2.44694
     159           4.5       3.13131       1.54578
     160             5       3.05057       1.48665
     161             3       3.92115       1.67889
     162            12       8.59087       2.49708
     163           4.5       3.66881       1.66106
     164           9.5       7.00444       1.99731
     165             2       3.97761       1.69393
     166           3.5       4.14656       1.73701
     167          11.5       8.23069       2.48135
     168             9       4.59836       1.80689
     169            10       7.27045       2.25467
     170             7       6.89774        2.2138
     171             7        5.6012       1.97119
     172           4.5       3.33346       1.54085
     173           3.5       2.67875       1.41928
     174             3        1.5478       1.02394
     175             2       1.34208      0.994731
     176           2.5       1.91549          1.13
     177             4        1.8724       1.01595
     178             2      0.883771      0.885643
     179             0      0.758515      0.738714
     180             1       1.67415       1.00251
     181           2.5       1.14243      0.919305
     182           0.5      0.722642      0.743144
     183           0.5      0.498319      0.573887
     184             0      0.768487      0.727338
     185             2       1.12837      0.970914
     186             0       1.38937      0.939311
     187             1      0.699874      0.728105
     188           2.5       3.44565       1.60117
     189           2.5       5.14584        1.8136
     190           6.5        4.8986       1.76166
     191             2       3.26652       1.52093
     192             7       5.86063       1.87274
     193          11.5       9.60432        2.5926
     194           6.5       3.86235       1.97418
     195           5.5       4.45436         1.687
     196             2       4.59836       1.80689
     197             7       4.67387       1.73087
     198             9       4.59836       1.80689
     199             6       2.38017       1.30285
     200             5       4.31256       1.71797
     201             6        3.6599       1.58318
     202           3.5       4.77447       1.69635
     203           7.5       5.82569       1.87487
     204             4       5.45264       1.92701
     205           4.5       3.14056        1.4678
     206           7.5       3.70481       1.63747
     207             4       4.59835       1.80689
     208           5.5       6.48453       1.93386
     209           6.5       5.21613       1.81792
     210             9       8.27008        2.5393
     211           8.5       7.00444       1.99731
     212           3.5       7.00444       1.99731
     213            10       7.00444       1.99731
     214            12        9.5844       2.58049
     215             5       7.85526       2.35831
     216             0       4.59836       1.80689
     217             8       4.59835       1.80689
     218            10       9.41127        2.5632
     219            15          10.1       2.58095
     220             4       4.30347       1.74581
     221             2       6.47508       1.93458
     222             6       7.00444       1.99731
     223          10.5       7.00444       1.99731
     224           5.5       7.00443       1.99731
     225           8.5       7.00444       1.99731
     226             3       4.59836       1.80689
     227           2.5       7.00443       1.99731
     228             5       7.00444       1.99731
     229             3       4.59835       1.80689
     230           8.5       7.04853       2.30688
     231           4.5       8.03642       2.41645
     232             6       7.00444       1.99731
     233             2       1.87634       1.17603
     234             9       9.82223       2.55311
     235           3.5       5.49146       1.81302
     236           3.5       3.62971       1.62579
     237             8       4.24293       1.74274
     238           4.5       3.90422       1.68569
     239             2       4.59836       1.80689
     240             8       7.00444       1.99731
     241             5       4.59836       1.80689
     242             7       4.59836       1.80689
     243             8       4.59836       1.80689
     244             6       4.59836       1.80689
     245             4       4.59836       1.80689
     246             2       7.00443       1.99731
     247             9       8.76119       2.46327
     248             7       4.80878        1.7167
     249             7       7.00444       1.99731
     250             1       6.26002       1.92039
     251             1       7.00444       1.99731
     252           8.5       7.00444       1.99731
     253          10.5       10.3225       2.72985
     254             5       6.75365       1.96279
     255           2.5       2.19322       1.28562
     256           7.5       7.96907       2.38477
     257             4       4.03997       1.71857
     258             7       4.59835       1.80689
     259             5       4.47088       1.87019
     260             3       4.59836       1.80689
     261             4       4.63805       1.83458
     262             8       6.26115       2.02972
     263             4       4.59836       1.80689
     264             5       4.59835       1.80689
     265             4       4.59835       1.80689
     266             1       4.14656       1.73701
     267           6.5       7.00444       1.99731
     268           7.5       7.45648       2.27985
     269            10       4.59836       1.80689
     270             5       3.13382       1.44399
     271             7       6.55907       2.17352
     272             7       4.59836       1.80689
     273           3.5        4.5506       1.77142
     274             4       5.76367       1.86746
     275           6.5       3.82107        1.6727
     276           6.5       6.09093       2.04458
     277           6.5       7.00444       1.99731
     278           9.5       7.48115       2.22822
     279             6       4.59836       1.80689
     280             7       7.00443       1.99731
     281             3       3.30692       1.56257
     282           6.5       7.00443       1.99731
     283             8       6.87876       2.25826
     284           2.5       2.76623       1.43734
     285             2       3.47528       1.55212
     286          10.5       9.64793       2.61796
     287             2       4.59836       1.80689
     288           5.5       5.89915       1.92975
     289           1.5       5.11123       1.81439
     290             8       7.00444       1.99731
     291             7       4.59836       1.80689
     292           4.5       7.52528       2.33206
     293             1       3.77115       1.66824
     294           4.5       7.00444       1.99731
     295             3       7.00444       1.99731
     296           9.5       7.00444       1.99731
     297             0       6.96276       2.74791
     298           8.5       7.00444       1.99731
     299             8       4.97482       1.81961
     300           4.5       7.00443       1.99731
     301           8.5       7.00444       1.99731
     302           2.5       7.00443       1.99731
     303             7       7.00443       1.99731
     304           3.5       4.22286       1.74082
     305           2.5       4.36007        1.6325
     306             5       6.93723       2.21242
     307             5       3.99288       1.72142
     308           2.5       3.16064       1.54458
     309             8       7.00443       1.99731
     310             1       7.00444       1.99731
     311           2.5       7.00444       1.99731
     312           8.5       9.50315       2.53571
     313             4       4.59836       1.80689
