       1             1       1.88607       1.24071
       2           8.5       5.98207       2.01637
       3             5         6.309       2.08508
       4           1.5       2.09139       1.28855
       5           2.5       1.82031       1.19078
       6             3       4.85669       1.68496
       7             3        3.1773       1.50797
       8             1       1.48525       1.11598
       9             3        3.1773       1.50797
      10           6.5       2.76123       1.42515
      11             2        3.1773       1.50797
      12             1       2.47354       1.38759
      13           0.5       2.03178       1.25872
      14           1.5       1.20626      0.989861
      15           5.5       2.03501       1.17905
      16           4.5       5.08639        1.9946
      17           7.5       6.50504        2.1146
      18           0.5       4.27245       1.65766
      19             6       4.85669       1.68496
      20            10       7.12824       2.21496
      21           8.5       7.16711        2.2247
      22             2       5.48798       2.02964
      23             7       4.85669       1.68496
      24             4        4.8567       1.68497
      25           2.5       3.51418       1.49921
      26             2        3.1773       1.50797
      27             1        4.8567       1.68497
      28             4       3.95806       1.55646
      29           3.5       1.72938       1.19657
      30             4       4.85669       1.68496
      31             4       3.54883       1.66059
      32             1       1.06852      0.941006
      33             8       5.59801       2.05874
      34             9       7.16356       2.27087
      35           2.5       2.49693       1.39802
      36           0.5        1.7619       1.16299
      37             4        3.1773       1.50797
      38           4.5       3.31478       1.50272
      39             5       1.88031       1.20636
      40             2       2.69531       1.37623
      41             3       4.24636       1.61287
      42             2       2.26146       1.32967
      43           4.5       3.74652       1.56436
      44           0.5       2.08641       1.23493
      45             7        4.8567       1.68497
      46          10.5       2.78852         1.429
      47             4       3.48759       1.62554
      48             2       3.52837       1.46637
      49           2.5        4.8567       1.68497
      50             2       2.73445       1.42398
      51             8        3.1773       1.50797
      52             2       2.21732       1.28668
      53           0.5       1.63502       1.19558
      54             3       4.86684       1.90043
      55             4       2.73445       1.42398
      56           2.5       2.28428        1.3049
      57             0       1.96633       1.24636
      58             3       4.66795       1.76834
      59           2.5        2.7651       1.41627
      60           2.5       1.75698        1.1718
      61           2.5       2.13644       1.33272
      62             6       2.31193       1.33561
      63             8       5.51657       2.01057
      64             3       2.09684       1.28891
      65           2.5       1.62927       1.23424
      66             3       4.00248       1.73172
      67           2.5       3.17575       1.71074
      68           3.5       2.46853       1.35427
      69           2.5       1.25499       1.03492
      70           2.5       2.32624       1.31479
      71             3       2.44272       1.32478
      72           2.5       1.97769        1.2436
      73             1       2.08429       1.25081
      74             4       1.06834      0.944252
      75           2.5       1.54689       1.13307
      76             0       1.45382       1.09281
      77           3.5       1.86033       1.17468
      78             1       1.38306       1.00518
      79             0       1.63407       1.13945
      80             0        1.0959      0.966008
      81             2       1.78142       1.21149
      82           0.5      0.825344      0.852722
      83             0       1.30031       1.03887
      84           2.5       1.76988       1.15168
      85             0             0             0
      86             0             0             0
      87             0             0             0
      88             0             0             0
      89             0             0             0
      90             0             0             0
      91             0             0             0
      92             1       0.99789      0.912444
      93             0      0.719769      0.730653
      94             0      0.210758      0.349171
      95           0.5       0.51411      0.488972
      96             0             0             0
      97             0             0             0
      98             0      0.159348      0.385969
      99           0.5      0.339638      0.472663
     100             0      0.532369       0.65847
     101             1       1.35813      0.943404
     102           1.5        1.3864       1.12019
     103             3       1.69432       1.23022
     104           0.5       1.41245       1.06017
     105           0.5       2.06059       1.21762
     106             1       1.53651       1.11726
     107           3.5       2.15329        1.2546
     108             6       1.92497       1.18282
     109             1       1.16773      0.995516
     110             0       1.91309       1.17985
     111             2       1.92454       1.18483
     112             2       1.24805       1.00537
     113           2.5        2.4404       1.33912
     114             2       1.69426       1.17408
     115           1.5       2.28635       1.32626
     116           3.5       2.51632       1.37758
     117           4.5       3.07886       1.41422
     118             3       2.73011       1.42375
     119             4       3.04546       1.46057
     120             2       1.89595       1.21381
     121             3       2.08517       1.23897
     122             2       2.22176       1.28887
     123             2        3.1773       1.50797
     124           5.5       3.90818       1.57857
     125             3       3.34503       1.49961
     126           2.5       4.24636       1.61286
     127             3       4.12347        1.5687
     128           8.5       6.21141        2.1051
     129             4       2.52912       1.38083
     130             4       2.76122       1.42515
     131             2       4.20971       1.61604
     132             3        3.1773       1.50797
     133             6       2.97496       1.45616
     134             7       6.26191       2.06452
     135             4       4.85669       1.68497
     136             2       1.48598       1.11631
     137             3       1.71041       1.17382
     138             5       7.45155       2.31844
     139             5       6.77574       2.17773
     140           9.5       5.60628       2.02712
     141             1       2.75579       1.42483
     142             3       3.12159       1.41475
     143             7        3.1773       1.50797
     144           3.5        3.5569       1.54128
     145             2        2.9699       1.45847
     146             2        4.8567       1.68497
     147           3.5       1.88608       1.24071
     148           5.5       5.47823       1.98919
     149           1.5       2.16168       1.29507
     150             2       2.44218       1.30636
     151             2        3.1773       1.50797
     152           5.5       5.65237       2.06101
     153             3        2.4301       1.32217
     154             2       2.33762        1.4452
     155             3       3.23462       1.44668
     156             4       4.34496       1.75419
     157             0       2.31582       1.42448
     158           2.5       2.61639       1.38367
     159           2.5         1.942       1.24645
     160           4.5       3.07227       1.47667
     161             0      0.756582      0.778614
     162             2       3.24507       1.53741
     163           4.5       2.73989        1.4243
     164           6.5       5.77915       2.00739
     165           1.5       2.30859       1.33537
     166           4.5       2.53293       1.36875
     167             4       2.48562       1.35308
     168             4       4.50241       1.61574
     169           7.5       4.85669       1.68497
     170           3.5       2.73012       1.42375
     171           2.5       2.48055       1.22454
     172             5       4.85669       1.68496
     173             1        4.8567       1.68497
     174             1        3.1773       1.50797
     175           5.5       3.85634       1.54315
     176             1       3.28524       1.49349
     177           1.5       1.91352       1.22181
     178             2       2.65479       1.60438
     179             2        4.2039       1.61648
     180             2       1.85892       1.20852
     181             2        3.8866       1.70425
     182           3.5        4.8567       1.68497
     183           4.5       2.44504       1.36719
     184             4       3.69482       1.50135
     185           2.5       3.22347       1.41722
     186             0       2.81882       1.40532
     187             4        4.8567       1.68497
     188             5       3.49209       1.50255
     189             3        3.1773       1.50797
     190             3       2.51989       1.37753
     191           2.5       4.00404        1.5737
     192             3        4.8567       1.68497
     193           5.5        4.8567       1.68497
     194             3        4.8567       1.68497
     195             7       2.96732        1.4633
     196             3       2.05959       1.27664
     197             0             0             0
     198           4.5       6.51344       2.10317
     199             1       2.43245       1.31099
     200           1.5       2.02466       1.28434
     201           3.5        4.2039       1.61648
     202           5.5       6.19663       2.14822
     203           1.5       2.31391       1.33748
     204             3       2.25297       1.29675
     205           3.5       3.78193       1.54003
     206             4       4.23045       1.61404
     207             2       2.46287       1.29757
     208             3       1.61419       1.10892
     209             1       1.72938       1.19657
     210             2       3.05786       1.47592
     211             1       2.78007        1.3969
     212           4.5        4.8567       1.68497
     213           3.5       4.85669       1.68496
     214             4       2.74935       1.42451
     215             8       4.85669       1.68497
     216           5.5       4.85669       1.68496
     217             1        3.1773       1.50797
     218           3.5       4.85669       1.68496
     219           0.5       2.26345       1.37334
     220           0.5       2.67582       1.37148
     221             2        4.8567       1.68497
     222             4        3.1773       1.50797
     223           2.5       4.85669       1.68496
     224           2.5       3.86609       1.65224
     225           1.5       2.27489       1.29644
     226             4        3.1773       1.50797
     227             3       4.24636       1.61286
     228             3       2.90262       1.44299
     229           0.5       3.93176       1.57629
     230           4.5        4.1952       1.58203
     231             2       6.30409       2.09224
     232             5       2.78008       1.42255
     233           3.5        2.9632       1.45224
     234             2       2.36811       1.34107
     235             3       2.73988       1.42429
     236             5       5.51434       2.18582
     237             2       3.35909       1.46344
     238             1       1.64868       1.15114
     239             6        3.1773       1.50797
     240           4.5       3.45752       1.50962
     241          12.5       7.30926       2.24532
     242             6       4.85669       1.68497
     243           2.5       5.55695       2.04208
     244           1.5       1.67305       1.16989
     245           0.5       1.99282       1.18458
     246           1.5       3.18728       1.46929
     247             3        3.1773       1.50797
     248             1       1.45917       1.10266
     249             5        3.1773       1.50797
     250           3.5       2.23548       1.27475
     251             3        3.1773       1.50797
     252           0.5       2.89234       1.40197
     253           5.5       6.99929       2.16762
     254             6       4.24636       1.61286
     255           6.5       4.85669       1.68497
     256           5.5       4.85669       1.68496
     257           5.5       4.60078       1.80832
     258             0             0             0
     259             5        3.1773       1.50797
     260             4       7.40279        2.2931
     261           5.5       5.72256       1.97181
     262             6        3.1773       1.50797
     263             0             0             0
     264             5       6.46306       2.11745
     265             3       3.96663       1.55771
     266           2.5       2.76123       1.42515
     267             5       4.85669       1.68496
     268             6        3.1773       1.50797
     269             1        3.1773       1.50797
     270             2       4.85669       1.68496
     271             4       5.77463       2.04839
     272             2        3.1773       1.50797
     273             3       5.76956       2.10153
     274             0             0             0
     275             2       4.29356       1.61123
     276             3       2.01822       1.15781
     277             3        3.1773       1.50797
     278             0      0.203219      0.432939
     279           2.5       2.80341       1.42953
     280           3.5       3.75011       1.51072
     281             6       2.96147       1.52759
     282           8.5        4.8567       1.68497
     283             1       2.67005       1.34594
     284             1        1.4071      0.929611
     285           4.5       3.96257       1.69475
     286           6.5        4.8567       1.68497
     287             3       3.33272        1.4801
     288             5       2.79665       1.42825
     289             8       5.82834       1.99676
     290             2       2.27204       1.31173
     291             4       2.73012       1.42375
     292             3        3.1773       1.50797
     293           5.5       4.85669       1.68496
     294             3       4.05399       1.62009
     295           1.5       2.51226       1.37483
     296           0.5       2.26414       1.28006
     297             3        3.1773       1.50797
     298             5       2.62106       1.38538
     299           5.5       4.85669       1.68496
     300           6.5       3.47327       1.52406
     301             3        4.2039       1.61648
     302             4        3.1773       1.50797
     303             2        3.1773       1.50797
     304             4       3.90817       1.57857
     305           5.5       4.31144       1.61133
     306           6.5        6.1311       2.07751
     307             2        3.1773       1.50797
     308             3       2.75579       1.42483
     309             3        3.1773       1.50797
     310             6        3.1773       1.50797
     311             3       4.28731       1.65988
     312             4       5.22246       2.38364
     313           1.5       3.03714       1.47045
     314             6       3.23567       1.44669
     315           2.5       3.30542       1.45219
     316           1.5       3.57435       1.54262
     317             5       4.85669       1.68497
     318           0.5       3.27168        1.5926
     319           7.5       3.95992       1.64997
     320           5.5       4.08999       1.61977
     321             3       2.33337       1.28965
     322           1.5       2.58287       1.36631
     323             8       5.27594       1.94993
     324             4        3.1773       1.50797
     325             1       1.96521       1.27182
     326            10        6.5421       2.12987
     327             0       1.94063       1.24667
     328             5        3.1773       1.50797
     329           4.5       4.15791       1.60084
     330             6        5.4957       1.98711
     331           3.5       3.69502       1.51359
     332           3.5       4.85669       1.68496
     333             0             0             0
     334             2       4.85669       1.68496
     335           5.5       4.75241       1.81604
     336           3.5        4.8567       1.68497
     337             0        3.1773       1.50797
     338           4.5       4.85669       1.68496
     339             3       4.85669       1.68496
     340             2        3.1773       1.50797
     341           6.5        4.8567       1.68497
     342             6       4.86107       1.82091
     343             5       2.92665       1.44214
     344           8.5       7.20097        2.2389
     345             0        3.1773       1.50797
     346             6        3.1773       1.50797
     347             5       4.16461        1.6003
     348             5       4.85669       1.68496
     349          10.5       5.90211        1.9811
     350             5       2.74935       1.42451
     351             0             0             0
     352           8.5        5.7143        1.9966
     353           6.5       5.66446       2.06661
     354           4.5       5.22023       1.93921
     355             5       2.74934        1.4245
     356           4.5       3.80916       1.52031
     357           4.5       4.68762       1.64316
     358             6       4.21697       1.61554
     359             4       3.81508       1.52287
     360           7.5       4.85669       1.68496
     361           1.5       5.63032       2.03507
     362           4.5       4.85669       1.68496
     363             4       5.67583       2.05207
     364             1       5.45848       2.02682
     365           4.5       4.85669       1.68496
     366             1       2.25338       1.31794
     367           3.5        4.8567       1.68497
     368           7.5        4.8567       1.68497
     369             4       4.85669       1.68497
     370             2        3.2197        1.4624
     371             4        3.1773       1.50797
     372             1        3.1773       1.50797
     373             5       4.85669       1.68496
     374             4        3.1773       1.50797
     375             5       5.22023       1.93921
     376             4        4.8567       1.68497
     377           4.5       5.63032       2.03507
     378           1.5         4.817       1.89852
     379           4.5       5.58907       2.02596
     380             1        2.9405       1.44685
     381             4       4.33359       1.73156
     382           1.5       2.87162       1.35739
     383             4        3.1773       1.50797
     384             3       3.10726       1.48624
     385           4.5       3.03926       1.47298
     386             3        3.1773       1.50797
     387           3.5       2.70799       1.39356
     388             3        3.1773       1.50797
     389           4.5       4.85669       1.68496
     390           2.5       3.00331       1.34886
     391             5       5.66619        2.0623
     392          12.5       6.91796       2.19041
     393           4.5       4.68187       1.64143
     394             7        4.8567       1.68497
     395             5       3.99937        1.7471
     396             6        3.1773       1.50797
     397             2       3.72906       1.71066
     398             4        3.1773       1.50797
     399             0             0             0
     400           5.5       4.82972       1.91121
     401             3       2.75673       1.39824
     402           2.5       4.68608       1.87364
     403           3.5       4.85669       1.68496
     404             6        3.1773       1.50797
     405           2.5       2.66542       1.44698
     406             3       4.67468       1.64999
     407             3       2.23678       1.30421
     408             6       7.34318       2.27459
     409             2        4.8567       1.68497
     410             2        3.6085       1.52602
     411             3       2.73011       1.42375
     412             1        3.1773       1.50797
     413             7       6.37226       2.09253
     414             4        3.1773       1.50797
     415             4       5.82724        2.0362
     416           3.5       4.85669       1.68497
     417           4.5       2.89986       1.43598
     418             5       2.55724       1.37333
     419           0.5        2.7531       1.33734
     420             8       3.57765       1.54241
     421             4        3.1773       1.50797
     422             5       2.59265       1.38623
     423           4.5       4.30521       1.59935
