       1             0             0             0
       2             0             0             0
       3             0             0             0
       4             0             0             0
       5             0      0.055533      0.224478
       6             0      0.148684       0.36258
       7           0.5      0.379738      0.567655
       8             0      0.955139      0.867373
       9             2       3.31218       1.60775
      10             1       2.76635       1.40883
      11           0.5       4.36636       1.77183
      12             8       5.30586       1.90617
      13           2.5       4.00411       1.69422
      14             5        4.6424       1.79682
      15             3       3.09754       1.49993
      16             4       4.77516       1.86235
      17             4       3.85353       1.53261
      18           1.5       2.96132       1.46208
      19             8       4.90287       1.70798
      20           7.5       4.24415       1.71061
      21             5       3.60674       1.67431
      22             4       4.07744       1.58883
      23           5.5       5.18695        1.8605
      24           4.5       4.95079       1.69727
      25           5.5       3.15389       1.42707
      26           4.5       5.44733        1.9441
      27           9.5       5.22339       1.98919
      28             6       3.81916       1.60725
      29             4       4.60348       1.79499
      30             5       3.71302       1.52441
      31             4       3.03493       1.45262
      32           4.5       5.64574       1.89827
      33             3       2.66744       1.37144
      34             3       2.79912       1.37729
      35           2.5       2.77253       1.40746
      36             2       2.70741       1.41073
      37           6.5       4.07305       1.61071
      38             7       5.57932       2.01503
      39          10.5       8.79669       2.51439
      40           8.5       7.11503       2.23737
      41           4.5       3.42434       1.53481
      42            13       9.34637       2.56787
      43             3        7.5223       1.99615
      44           7.5       7.56633       1.99268
      45             4       5.45278       1.90755
      46             5       5.45278       1.90755
      47           3.5       6.42474       1.89087
      48             4       5.45278       1.90755
      49            10       4.90318       1.81274
      50             5        5.1429       1.79036
      51           4.5       3.82292       1.63893
      52          10.5       10.3496       2.63984
      53             5       8.78409       2.50389
      54             2       3.16099       1.51666
      55           4.5       5.73901       1.76183
      56            11       8.17653       2.34758
      57           3.5       4.83257       1.75716
      58            19       11.8759       2.79077
      59           5.5       5.47409       1.81803
      60           4.5       4.39876       1.71177
      61             3       4.60705       1.75824
      62             8       4.33775       1.76253
      63             7       5.45278       1.90755
      64          17.5       12.2471       2.78402
      65             8       7.64383        2.0248
      66             6       5.45278       1.90755
      67             4        2.7449       1.41486
      68          10.5       8.56976       2.52744
      69           3.5        4.8563       1.80003
      70             8        7.0004       2.07033
      71           7.5       6.81854       1.94719
      72           2.5        2.9218       1.40325
      73           4.5       4.20407        1.7075
      74             3       3.47818        1.5761
      75           4.5       5.14293       1.91138
      76           4.5        4.7096       1.82724
      77           4.5       4.23795        1.6766
      78             1      0.230842        0.4335
      79             3       1.73404       1.10629
      80           3.5       1.47937       1.05331
      81             1        2.5662       1.36303
      82           0.5       1.77443       1.16736
      83             2       2.93044       1.38278
      84           2.5       1.47512       1.01312
      85           4.5       4.09059       1.62829
      86           3.5       3.99618       1.70054
      87           1.5       4.23344       1.70872
      88             7       4.86267       1.83617
      89             7       5.13575       1.85656
      90             5       5.62877       1.80565
      91             5       4.15467       1.58077
      92           6.5       6.51393       2.18337
      93           5.5       5.22561       1.68604
      94             7        5.2735       1.87717
      95           4.5       4.13011       1.63803
      96           5.5       5.02773       1.84256
      97             6       8.21098       2.04935
      98             5       4.32621        1.5826
      99             9       5.45278       1.90755
     100             4       5.06461        1.8449
     101             7       7.71789       2.07998
     102             6       6.51207       1.89493
     103           6.5       7.16001       1.95817
     104           3.5       4.98938        1.8413
     105             6       4.70201       1.78334
     106           5.5       9.96678        2.6652
     107             4       5.45278       1.90755
     108             4       6.03954       1.82775
     109           4.5       4.08517       1.57583
     110            13       10.2021       2.65806
     111           9.5       8.21097       2.04935
     112             0             0             0
     113             3       5.09035       1.76063
     114             1       5.45278       1.90755
     115           5.5       8.21097       2.04935
     116             8       8.35096       2.30148
     117           6.5       6.58419       1.87545
     118           4.5       5.03306        1.8672
     119           7.5       4.58421       1.77507
     120             8       4.18082       1.69644
     121             6       4.68078       1.69317
     122             6       6.78345       2.04114
     123             5       5.45278       1.90755
     124          10.5       10.0286       2.71629
     125           4.5       7.15233       2.04236
     126             6       7.35068        2.1659
     127           5.5       5.88874       1.92642
     128           3.5       4.86343       1.71142
     129             8       5.45278       1.90755
     130           4.5       4.98721       1.84124
     131           7.5       7.90324       2.23666
     132           5.5        7.5715       2.06389
     133             3       4.47553       1.76464
     134           1.5       6.07552       1.86292
     135             5       5.36817       1.83308
     136             3       4.74043        1.7295
     137           4.5       5.72885       1.96334
     138           4.5       7.62519       1.98927
     139             2       5.45278       1.90755
     140             5       3.68008       1.60628
     141             3       5.45278       1.90755
     142             4       2.89066       1.45351
     143           9.5       8.16516       2.37036
     144             4       5.45278       1.90755
     145           0.5       3.07613       1.49967
     146             5       3.42586       1.56689
     147           7.5       8.21097       2.04935
     148           3.5       2.27758       1.25065
     149           4.5       4.72465       1.84325
     150             7       4.34552       1.68169
     151             5       6.31447       1.84867
     152           5.5       4.45286       1.78701
     153             1       1.99447       1.24281
     154             6       4.47667       1.68701
     155             0     0.0740369      0.258869
     156             0       1.01828      0.866958
     157           2.5       1.01828      0.866958
     158             1       1.01828      0.866958
     159             3       2.08241       1.09947
     160             1      0.372149       0.51622
     161           2.5       2.47505       1.37718
     162             4       3.97797       1.66425
     163             2       2.76942       1.45539
     164           4.5       2.75756       1.42338
     165             5       4.85141       1.87309
     166             0       1.92458       1.16746
     167           4.5       5.25739        1.7456
     168           6.5       4.62883       1.77656
     169             5       3.77963        1.6579
     170             2       3.81125       1.82308
     171           5.5        5.4611       1.78285
     172             6       3.79406         1.628
     173             2       5.45278       1.90755
     174             6       5.45278       1.90755
     175             8       8.21097       2.04934
     176             5       4.57057       1.77461
     177           6.5        3.9328       1.66792
     178           3.5       5.17996       1.92775
     179           7.5       5.74646       1.79286
     180             9       6.90935       2.18953
     181           3.5       2.33026        1.3158
     182           5.5       4.57885       2.06793
     183           3.5       4.68289       1.80284
     184             3       2.93004       1.46787
     185             9       7.28413       2.23801
     186           5.5       4.21461       1.71109
     187           5.5       4.65188       1.70692
     188             3       3.70509       1.58152
     189           5.5       4.93633        1.7844
     190           2.5       3.02735       1.45799
     191           4.5       4.50974       1.79316
     192           4.5       6.74403       1.92744
     193             1      0.460006      0.496988
     194             0     0.0010966     0.0330786
     195             0     0.0010966     0.0330786
     196             6       5.03191       1.89892
     197             5       5.45278       1.90755
     198             4       3.18145       1.49124
     199           1.5       3.64021       1.59698
     200          14.5       10.7014       2.69565
     201            10       10.2879       2.59778
     202             4       5.45278       1.90755
     203             4       4.30631       1.71459
     204           5.5       6.35449       1.86821
     205             5       5.45278       1.90755
     206             6        4.7588        1.8348
     207             3       4.71541       1.79713
     208           6.5       4.84494       1.77918
     209           1.5       4.59523       1.77564
     210           9.5       8.21097       2.04935
     211             5       4.21538       1.71004
     212            12       8.73991       2.34749
     213           2.5       3.30788         1.638
     214           3.5       4.49741       1.63781
     215             7       5.45278       1.90755
     216             3       4.58902       1.81454
     217             6       4.95082       1.73772
     218             4       4.05483       1.67653
     219             5       4.01045       1.61215
     220             4       5.16297         1.742
     221           3.5       4.99884       1.76843
     222           2.5       2.65821       1.43202
     223             4       4.88564       1.87034
     224             4       3.84355       1.55745
     225           0.5      0.642312       0.61665
     226             0      0.851697      0.657233
     227             1      0.737862      0.578163
     228             1      0.851696      0.657233
     229             4       5.08362        1.9621
     230           6.5       5.05283       1.73753
     231           9.5       8.53207       2.42232
     232           8.5       7.52302       1.99633
     233           2.5        2.4297       1.43216
     234             7        6.5299       1.89788
     235           3.5       4.53423       1.77057
     236           8.5        5.5125       2.01995
     237           5.5       5.46482       1.74617
     238            15       12.1832       2.81796
     239             5       3.32868       1.54972
     240           8.5       8.21097       2.04934
     241             4       5.67627       1.96693
     242             3       4.55575       1.77535
     243             5       4.52295         1.812
     244            14        9.7243        2.5874
     245           9.5       7.83151       2.00202
     246           6.5       5.26067       1.87964
     247           5.5       7.60185       1.97811
     248             5       5.44308       1.84111
     249             4       4.98182        1.8413
     250             3       5.89284       1.88583
     251           9.5       8.21097       2.04935
     252             2       4.77785       1.83169
     253           4.5       3.63572        1.5808
     254             2       5.32579       2.00831
     255             6       5.75981       1.80626
     256           4.5       5.71587        1.9109
     257           6.5       4.90768       1.79156
     258             6       5.35218       1.72928
     259             3       3.04641       1.40093
     260           2.5       2.73712       1.40563
     261           4.5       4.47898       2.08664
     262             1       1.01042      0.938354
     263             0      0.683306      0.730158
     264           2.5       1.27391        0.9749
     265           0.5      0.497779      0.558881
     266             0       0.49778      0.558882
     267             0       0.49778      0.558882
     268             1       2.02629       1.14201
     269             6       3.86914       1.52318
     270             2       2.65744       1.40206
     271             4       4.29367       1.80808
     272             2       3.46932       1.53889
     273             3       1.93722       1.16753
     274             7       5.41988       1.84804
     275             3       3.81273       1.55543
     276           2.5       3.38578       1.57421
     277             1       4.49701       1.87782
     278             3       5.73009       1.80796
     279             5        6.1299       1.84931
     280             4       4.55895       1.77394
     281           1.5       2.82933       1.44803
     282             6       6.45265       1.86929
     283             7       8.21098       2.04935
     284           3.5       3.96441       1.67059
     285            18       11.7835        2.7566
     286             5       4.53354       1.75742
     287             5       4.66989       1.64477
     288           3.5       4.46207       1.76634
     289            10       8.21097       2.04935
     290             4       3.97232       1.66402
     291           0.5      0.731939      0.706123
     292            16       9.01369       2.44584
     293             2       2.74222       1.48951
     294             2       5.04226       1.84346
     295           0.5       3.70937       1.59975
     296             4        2.8397       1.42196
     297             1       5.45278       1.90755
     298           7.5       8.21097       2.04934
     299             7       8.21097       2.04935
     300             8       6.21958       1.91246
     301             4       3.93924       1.55407
     302             0       2.99182       1.47026
     303             5       8.21098       2.04935
     304             8       5.53165       1.74527
     305             4       5.45278       1.90755
     306             4       5.45278       1.90755
     307           2.5       6.02866       2.08131
     308             4       4.71168       1.81685
     309           3.5       3.73207       1.59523
     310           9.5       8.21097       2.04934
     311            13       11.4067       2.69212
     312             8       7.50325        2.3061
     313             5       5.45278       1.90755
     314             9       9.28092       2.47499
     315             7       5.45278       1.90755
