       1             2        2.8022       1.46206
       2             4        2.8022       1.46206
       3           3.5       3.75888       1.60401
       4           1.5       2.47823       1.34048
       5             4        2.8022       1.46206
       6             1        2.8022       1.46206
       7             6       5.36265       1.99984
       8             3        2.8022       1.46206
       9             4        4.9856       1.93788
      10           5.5       4.74053       1.88423
      11             6        2.8022       1.46206
      12           3.5        2.2285       1.32789
      13             6       4.44888       1.83659
      14             4        2.8022       1.46206
      15           4.5       3.69563        1.7558
      16             2       2.44041       1.38084
      17             2       2.97552       1.48303
      18           3.5        4.3403       1.67629
      19             1       2.66069         1.427
      20             3       2.44042       1.38084
      21             3       3.88532       2.02092
      22             1        2.8022       1.46206
      23             6        2.8022       1.46206
      24             6       2.79929       1.46107
      25           6.5       2.39567       1.37787
      26             0             0             0
      27           2.5       5.40244       2.01915
      28           3.5        4.3403        1.6763
      29             6        2.8022       1.46206
      30             5        2.8022       1.46206
      31             2        2.8022       1.46206
      32           3.5       3.75888       1.60401
      33             3       2.40814       1.37925
      34             0        2.8022       1.46206
      35             0             0             0
      36             3        4.3403       1.67629
      37             4        4.3403        1.6763
      38             5       4.86582       1.95823
      39             5        2.8022       1.46206
      40           4.5       5.07901        1.9148
      41             2        4.3403        1.6763
      42             3        4.3403       1.67629
      43             3        2.8022       1.46206
      44             3       3.60689       1.59119
      45             7        2.8022       1.46206
      46             5        2.8022       1.46206
      47             0       2.24281       1.42519
      48             5        4.3403       1.67629
      49           4.5       4.81524       1.94122
      50             2       2.20329         1.319
      51           4.5       3.29894       1.51786
      52             3        2.8022       1.46206
      53           5.5        4.3403        1.6763
      54           1.5        2.6478       1.41857
      55             5        4.3403       1.67629
      56             1       4.19625       1.64542
      57             5        2.6478       1.41822
      58             2       3.88532       2.02092
      59             3        2.8022       1.46206
      60             5         2.418       1.37615
      61           2.5         3.149       1.47525
      62           4.5       3.34741       1.60385
      63           7.5       5.92107       2.11277
      64             5        2.3474       1.33909
      65             0             0             0
      66             7        2.8022       1.46206
      67             2        3.6083       1.53947
      68           3.5       2.40814       1.37925
      69             3        2.8022       1.46206
      70             4       2.39567       1.37787
      71             0             0             0
      72             4       4.71153       1.87747
      73             9       6.29368       2.16712
      74             4       4.81657       1.90947
      75             4        2.8022       1.46206
      76             1        2.8022       1.46206
      77           8.5       6.45857       2.13478
      78             4       5.00147       1.87783
      79             2        2.8022       1.46206
      80             1        2.8022       1.46206
      81             1       2.75205       1.44006
      82             3       4.86831       1.86099
      83             2       3.82615       2.00709
      84           2.5        4.3403        1.6763
      85             6        4.3403        1.6763
      86             3       2.67246       1.42392
      87             2        2.8022       1.46206
      88             4        2.8022       1.46206
      89           2.5       2.30669       1.34581
      90             4       3.39592        1.6448
      91           4.5       4.26837       1.65782
      92             2        2.8022       1.46206
      93           1.5       2.46509       1.42544
      94             8       6.19906       2.17744
      95           3.5        4.3403        1.6763
      96             1        2.8022       1.46206
      97             2        4.3403        1.6763
      98             6        4.3403       1.67629
      99             2        4.3403        1.6763
     100             4       4.79352       1.98363
     101             4        2.8022       1.46206
     102             3        4.3403        1.6763
     103           1.5       3.69384        1.5769
     104           1.5         2.418       1.37615
     105           4.5       3.70548       1.54209
     106             3       2.69903        1.3977
     107           5.5        4.0369       1.63449
     108             2        4.3403        1.6763
     109             5        2.8022       1.46206
     110             3       3.14067       1.51795
     111           0.5       4.02042       1.72726
     112             6       5.33172       1.99347
     113           5.5       2.67096       1.42633
     114             0        4.3403        1.6763
     115             1        4.3403        1.6763
