       1             2       3.67857       1.63558
       2             1       3.67858       1.63558
       3           7.5       5.63928       1.83797
       4             7       3.67858       1.63558
       5             3       3.67858       1.63558
       6             7       5.63928       1.83797
       7             3        3.0735       1.50663
       8           6.5       5.63928       1.83797
       9             9       5.32012       1.78968
      10             6       3.38269       1.48468
      11             5       3.43037       1.55709
      12             9       3.93421       1.64597
      13             0       2.37484       1.35722
      14             5       4.57695       1.74921
      15           5.5       2.62444        1.4273
      16             2        3.1868       1.54073
      17          10.5       5.43349       2.06868
      18           2.5       3.41181       1.53669
      19           6.5       3.64047       1.57638
      20             5       3.32921        1.5437
      21             0             0             0
      22           8.5       6.46881       2.09402
      23           1.5       4.04844       1.56783
      24             9       3.67712       1.63513
      25             7       4.55528       1.85005
      26             3       3.07502       1.45163
      27             2       5.01099       1.77334
      28             2       1.84168       1.16418
      29             0             0             0
      30             0             0             0
      31           2.5       2.57913       1.40864
      32             5       4.07816       1.67124
      33             4       3.67858       1.63558
      34             3       3.67857       1.63558
      35           7.5       5.00798       1.77374
      36             5       3.35224       1.58485
      37             6       5.63928       1.83797
      38           3.5       5.63928       1.83797
      39             3       3.67858       1.63558
      40           7.5       7.67109       2.35084
      41             2       2.55485       1.39014
      42             5       5.63927       1.83797
      43             4       5.63928       1.83797
      44             3       2.81761       1.47826
      45           1.5       2.81761       1.47827
      46             6       3.99978       1.64957
      47           5.5        3.2839       1.56144
      48           4.5       3.40266       1.54354
      49            10       4.66724       1.90181
      50             5       3.19424       1.54369
      51           0.5       2.77437       1.45006
      52             1       3.67858       1.63558
      53             3       3.67858       1.63558
      54             8       4.48998       1.72456
      55             7       5.63928       1.83797
      56             2       4.21432       1.68285
      57             3       5.63928       1.83797
      58           5.5       5.63928       1.83797
      59             6       5.63928       1.83797
      60             2       4.02482       1.65022
      61             3       3.67858       1.63558
      62           3.5       5.63928       1.83797
      63           4.5        3.7199       1.95137
      64           4.5       3.24912        1.5589
      65           2.5        2.2995       1.35997
      66           0.5        3.1753       1.48422
      67           2.5       3.00682       1.48467
      68           3.5       3.19771       1.58458
      69             1       2.08047       1.28601
      70             8       4.95454       1.97398
      71             0             0             0
      72             0             0             0
      73             0             0             0
      74             0             0             0
      75           3.5       4.09495       1.75779
      76             0       2.60777       1.62208
      77           3.5       2.33905       1.34421
      78             3       2.70735       1.38442
      79           2.5       2.88549       1.47065
      80           1.5       2.09418       1.31472
      81             5       4.29003       1.80223
      82             3        4.1842       1.69109
      83           4.5       4.00661       1.64387
      84             4       5.63928       1.83798
      85             6       3.67858       1.63558
      86             2       4.32653       1.68368
      87             0             0             0
      88             6       6.37368       2.17825
      89             9       5.97403       2.14042
      90             0       5.63928       1.83798
      91             6       5.01099       1.77334
      92           2.5        2.8565       1.47987
      93           4.5       2.44491       1.39925
      94           8.5       6.49805       2.24232
      95           1.5        3.7117       1.60256
      96             3       5.59901       1.82744
      97             4       3.67858       1.63558
      98           0.5        4.7102       1.81042
      99             2       3.67858       1.63558
     100             7       3.67858       1.63558
     101             3       4.33264       1.77592
     102             2       3.99334       1.66294
     103           1.5       5.00798       1.77374
     104             1       3.50226       1.55093
     105           6.5       5.63928       1.83797
     106           4.5       5.63928       1.83797
     107             3       3.67858       1.63558
     108             3       3.67858       1.63558
     109             6       5.57723        2.0653
     110             5       4.13024       1.68128
     111             4        4.8553       2.25923
     112             5       4.73489       1.70618
     113             6       5.00798       1.77374
     114           5.5        5.5894       1.82548
     115             1       3.67857       1.63558
     116             3       4.95303       1.75227
     117             1        1.7002       1.09457
     118             4       5.63928       1.83797
     119             4       5.63928       1.83797
     120             2       6.41155       2.16951
     121             0             0             0
     122             2       3.28898       1.51376
     123             5       3.67857       1.63558
     124             4       5.63928       1.83797
     125           8.5       5.31324       1.98921
     126           4.5       5.00798       1.77374
     127             2       3.67858       1.63558
     128             4       3.67858       1.63558
     129             3       4.29051       1.69429
     130             0             0             0
     131             4       3.67858       1.63558
     132             4          4.77       1.76186
     133             7       3.67858       1.63558
     134             3       5.63928       1.83797
     135             6       3.67858       1.63558
     136           4.5       6.43031       2.18727
     137           1.5       2.28581       1.31633
     138             3       3.67857       1.63558
     139             3       3.67858       1.63558
     140           4.5       4.15169       2.09045
     141           3.5       2.84156       1.47959
     142           9.5       8.24756       2.40911
     143           8.5         7.982       2.35844
     144            11       7.89051       2.37781
     145             4       3.67857       1.63558
     146             1       3.67858       1.63558
     147             4       5.63928       1.83797
     148             7       5.73743       2.49883
     149             6       3.67858       1.63558
     150             3       3.67858       1.63558
     151           3.5       4.36718       1.67524
     152             3       3.67857       1.63558
     153            13       7.90647       2.33495
     154             4       3.67858       1.63558
     155             7       6.62382       2.13374
     156           6.5       5.63928       1.83797
     157             9       7.70534       2.36189
     158             4       4.64976       1.88676
     159           5.5       5.63928       1.83797
     160             4       3.81521       1.58613
     161           2.5       5.63928       1.83797
     162           4.5       2.98803       1.41116
     163             3       3.67857       1.63558
     164             7       3.67857       1.63558
     165             7       3.67858       1.63558
     166             5       3.57337       1.61816
     167             5       3.67858       1.63558
     168             9       5.63928       1.83797
     169             6       3.16755       1.54186
     170           3.5       2.59122        1.4262
     171           6.5       5.63928       1.83797
     172             3       3.67858       1.63558
     173             6       5.63928       1.83797
     174             4       3.67857       1.63558
     175           4.5         5.011       1.77334
     176             2       3.67857       1.63558
     177           1.5       2.81761       1.47826
     178           2.5       1.47267      0.981421
     179             6       3.67858       1.63558
     180             2       3.67857       1.63558
     181           1.5        5.0426       1.77131
     182             4       5.63928       1.83797
     183             2       2.85355       1.47115
     184           3.5       2.92912       1.45331
     185             5       2.91473       1.49447
     186             3       3.46791       1.59017
     187             2       3.34847       1.58402
     188             4       5.63928       1.83798
     189             5       5.63928       1.83798
     190             6       3.67858       1.63558
     191             3       3.67858       1.63558
     192             3       3.67858       1.63558
     193           3.5       6.11541       2.12155
     194             3       3.24707       1.55892
     195             1       2.89017       1.45732
     196             6         8.353       2.47174
     197             5       5.63928       1.83797
     198             5       3.24707       1.55892
     199             3        5.4862       1.80263
     200             4       3.88372       1.73699
     201             4       3.67857       1.63558
     202           3.5       5.01099       1.77334
     203             5       4.68429       2.04794
     204           1.5       2.82303       1.47861
     205           8.5       6.53704       2.21934
     206             4       6.38043       2.15952
     207             2       3.67858       1.63558
     208             3       4.65067       1.74941
     209             6       3.67857       1.63558
     210             8       3.67858       1.63558
     211            13       8.43849       2.47338
     212             6       7.20282       2.25015
     213           2.5       3.30848       1.56416
     214             5       3.27276       1.56013
     215             5       3.67857       1.63558
     216           5.5       5.63928       1.83797
     217             4       5.63928       1.83797
     218             8       7.29468       2.26682
     219           2.5       4.48175       1.75094
     220             1       3.67858       1.63558
     221           4.5       5.01099       1.77334
     222             6       5.63928       1.83797
     223             3       3.67858       1.63558
     224             1       1.02638      0.871619
     225             6       3.67857       1.63558
     226             3       3.24707       1.55892
     227             4       3.67858       1.63558
     228           4.5       5.10199       1.77084
     229             2       2.65314       1.43789
     230             3       3.67858       1.63558
     231           6.5       8.12945       2.33622
     232             3       5.63928       1.83798
     233           0.5       3.03047       1.48547
     234           1.5       3.61913       1.56706
     235           3.5       3.36159        1.6345
     236             3       5.63928       1.83797
     237             3       6.49176       2.22361
     238             8       3.67858       1.63558
     239           7.5       7.43053       2.30241
     240             5       4.76999       1.76186
     241             1       3.67858       1.63558
     242           9.5       5.63928       1.83797
     243             8       3.67857       1.63558
     244             1       3.67857       1.63558
     245             6       3.67858       1.63558
     246             4       3.67858       1.63558
     247             4       5.63928       1.83797
     248             8       7.30884       2.26587
     249           6.5       5.63928       1.83797
     250             7       5.63928       1.83797
     251            11       8.32636       2.35536
