       1           1.5       2.42996       1.26743
       2           3.5        4.6813       1.73685
       3           0.5       3.22557       1.47509
       4           8.5       3.49815        1.5498
       5           2.5       3.55972       1.55758
       6           4.5       5.25004       1.80431
       7           6.5       5.25004       1.80431
       8             2       3.40982       1.59106
       9             4       5.25004       1.80431
      10           4.5       2.83811       1.46619
      11           5.5       2.57992       1.38438
      12             3       5.25004       1.80431
      13           3.5       5.25004       1.80431
      14           3.5       3.52228       1.62773
      15             1       3.40982       1.59105
      16             6       4.54185       1.71551
      17             7       3.40982       1.59105
      18             7       5.25004       1.80431
      19             6       3.40982       1.59106
      20             4       3.40982       1.59105
      21           0.5       2.43571       1.38088
      22           4.5       4.62707        1.7382
      23           2.5       2.69632       1.43996
      24           6.5       3.86165       1.64859
      25             4       5.25004       1.80431
      26             3       3.40982       1.59106
      27             3       3.40982       1.59105
      28             6       6.69912       2.20255
      29             4       3.40982       1.59106
      30             4       3.07354       1.50036
      31           6.5       6.06021       2.09604
      32             8       4.16762       1.64083
      33             4       3.40982       1.59106
      34             7       3.40982       1.59105
      35             2        4.3351       1.67988
      36             4        6.5656       2.18795
      37             5       3.40982       1.59106
      38             3       3.40982       1.59105
      39             2       3.35462       1.57555
      40             6       3.40982       1.59106
      41           2.5       4.42604        1.8471
      42             5       3.26446       1.56141
      43             5       3.40982       1.59106
      44             5       5.25004       1.80431
      45             8       5.25004       1.80431
      46             5       3.40982       1.59105
      47             7       4.87207       1.87117
      48             3       5.25004       1.80431
      49             7       5.25004       1.80431
      50             2       2.24416       1.34993
      51             2       3.23879       1.55413
      52           1.5       2.33485        1.3653
      53             6       3.40982       1.59105
      54           7.5       3.25138        1.5344
      55           2.5       5.25004       1.80431
      56             0       3.40982       1.59106
      57             1       5.21457       1.79488
      58           9.5       5.25004       1.80431
      59             7       4.64311        1.7374
      60           2.5       1.88464       1.26415
      61           2.5       3.52486        1.5698
      62           3.5       5.03109       1.76384
      63           3.5       4.16504       1.64142
      64             5       3.40982       1.59105
      65           3.5       5.22607       1.79782
      66             6       7.78967       2.42954
      67           2.5       2.98443       1.51241
      68           6.5       5.25004       1.80431
      69             5       4.26595       1.70567
      70             4       4.73171       1.90355
      71             2       2.63003       1.43508
      72             7       5.95614       2.11135
      73           4.5       6.72356       2.19938
      74             4       4.66469       1.66322
      75           5.5        3.6674       1.49751
      76           2.5       2.77641       1.34069
      77             2       5.25004       1.80431
      78             4       4.01153       1.65115
      79             5        3.2795       1.56048
      80             5        7.1151        2.2928
      81             4       3.40982       1.59106
      82             2       3.40982       1.59105
      83             0             0             0
      84             0       4.76185       2.21088
      85             4       3.47937         1.468
      86             2       4.64311        1.7374
      87             2       4.64203       1.73749
      88           3.5       2.63082       1.43511
      89             2       3.40982       1.59106
      90             4        7.6471       2.39835
      91             1       3.40982       1.59106
      92             5       3.40982       1.59106
      93           3.5       3.02582       1.51604
      94             3       3.74831       1.64819
      95             2       5.25004       1.80431
      96             3       2.98443       1.51241
      97             0       2.16833        1.3118
      98             3       1.93663       1.24217
      99           5.5       5.44488       2.04944
     100             2        3.7335       1.69449
     101           4.5       5.01464       1.94201
     102           2.5       3.01165       1.54694
     103             0             0             0
     104             8       3.40982       1.59106
     105             6       3.40982       1.59106
     106             5       5.97078       2.11212
     107             7       3.40982       1.59106
     108             9       3.40982       1.59106
     109             0       4.64311        1.7374
     110           4.5       5.25004       1.80431
     111           6.5        2.6302        1.4259
     112           3.5       2.98632       1.48745
     113             1       2.09536       1.30981
     114             5       2.57753       1.40675
     115             3       2.24709       1.31761
     116             1       1.38522       1.07721
     117           0.5       1.75955       1.21794
     118             2       1.76899       1.19964
     119             0       1.39316       1.09859
     120           0.5       2.51583        1.3879
     121             1       1.63045       1.16538
     122           3.5       2.01979       1.29313
     123             4       1.98247       1.26456
     124             1       1.45967       1.11908
     125           2.5       1.72094       1.19175
     126             2       1.76667       1.19478
     127             2      0.907685      0.888979
     128             0      0.442782      0.637004
