       1           3.5       4.73361       1.73863
       2           6.5       4.46339       1.71512
       3           5.5       3.92883       1.64517
       4           6.5       8.03347       2.40427
       5           2.5       5.37581       1.80348
       6             2       6.34237       2.18792
       7           6.5       2.43328       1.37034
       8             6        6.2511       2.19196
       9             6       5.37582       1.80348
      10             3       6.34237       2.18792
      11             4       4.84876       1.69645
      12             1       5.01484       2.31318
      13           5.5        5.1145       1.73647
      14             3       3.45349       1.58355
      15           2.5       3.06061       1.47728
      16           0.5       2.33962       1.35757
      17             3       5.21461       1.76576
      18             4       3.89743       1.58479
      19           2.5       3.36575        1.5614
      20           3.5       3.60945       1.60356
      21             3       7.33165        2.2818
      22             4       3.50005       1.59747
      23             5        2.9011       1.48202
      24           1.5       3.06029       1.51841
      25             1       2.24966       1.35099
      26             4       3.50005       1.59747
      27             2       3.50004       1.59747
      28             2       2.29013         1.304
      29             1       4.54507       1.72332
      30             1       4.72917       1.73903
      31             3       3.50004       1.59747
      32             6       6.34237       2.18792
      33             3       3.50005       1.59747
      34             4       5.37582       1.80348
      35           4.5       3.06029       1.51841
      36             2       2.84276       1.46348
      37             1       3.14785       1.50795
      38             5       5.37582       1.80348
      39           8.5       4.73294       1.73866
      40             5       2.65913        1.4088
      41            10       5.37582       1.80348
      42             6        2.7512       1.43382
      43             3       2.49316       1.38012
      44           3.5       2.81203       1.43794
      45           1.5        2.2597       1.33571
      46             2       4.59562       1.69465
      47           2.5       4.72917       1.73903
      48             0             0             0
      49             3       3.50005       1.59747
      50             5       4.43428       1.71297
      51             4       5.37582       1.80348
      52             3       2.60718       1.43449
      53             3       1.92217       1.25055
      54           2.5       2.36993       1.36589
      55           4.5       4.96148       1.97467
      56             5       3.48248       1.56506
      57            11         7.888        2.3479
      58           1.5       3.74162       1.66468
      59           4.5       5.37582       1.80348
      60             5       7.59397       2.21044
      61             1       2.13918       1.31463
      62             2       4.07712       1.67255
      63             5       3.50005       1.59747
      64           6.5        4.3254       1.81508
      65             4       5.24592       2.01879
      66             2        2.3718       1.36436
      67           5.5       5.37582       1.80348
      68             3       5.37582       1.80348
      69           0.5       3.23291       1.53999
      70           4.5       5.37582       1.80348
      71           9.5       3.92609       1.60416
      72           6.5         6.269       2.12386
      73             5       4.58234       1.89352
      74             9       3.81712       1.61788
      75             6       3.50005       1.59747
      76             5        5.0261       1.96177
      77           5.5        6.3155       2.07361
      78             4       5.05692       1.74231
      79             4       4.29963       1.82226
      80             3       2.19006       1.33239
      81           0.5       3.74967       1.60716
      82             1        4.7247       1.73938
      83             5       1.92051       1.26573
      84             3       1.50506       1.12989
      85           8.5       6.22046       2.17607
      86             4        4.1347       1.65756
      87             2       3.05123       1.52841
      88             4       2.79278       1.43898
      89            12       7.57805        2.3013
      90           5.5       3.05708       1.51831
      91             1        1.9557       1.32978
      92             6       4.73294       1.73866
      93             4       5.37582       1.80348
      94           3.5       2.48283       1.38492
      95             3        3.9226       1.63037
      96           6.5       3.14764       1.47314
      97           7.5       5.92535       2.07727
      98             1       2.41286       1.39023
      99             2       3.64007        1.6001
     100           2.5       4.51561       1.72421
     101             6       6.22907       2.17394
     102           3.5       2.38365       1.39073
     103           4.5       2.14456       1.30497
     104             3       5.25568       2.00563
     105             7       6.56989       2.22932
     106             3       6.28084       2.10384
     107           4.5       5.97212       2.09626
     108           6.5       3.80975       1.62002
     109             5       3.50005       1.59747
     110             4       5.32468       1.79017
     111             0             0             0
     112             2       1.83403       1.19439
     113           4.5       2.56798       1.41074
     114             6       5.37582       1.80348
     115             4        4.4645       1.85388
     116           2.5       2.38851       1.37462
     117           8.5       7.75198       2.33376
     118           4.5       2.99996       1.47394
     119             5       5.37582       1.80348
     120           0.5       2.73488       1.44886
     121             2        3.4611       1.84518
     122             4       4.27396       1.75358
     123             6        3.1643       1.50404
     124           2.5       4.37513       1.63166
     125             0             0             0
     126           5.5       5.37582       1.80348
     127             2       3.50005       1.59747
     128             4       3.65889       1.59933
     129             8       5.37582       1.80348
     130             2       5.37582       1.80348
     131           4.5       4.73294       1.73866
     132           4.5       5.81356       2.02945
     133             6       5.37582       1.80348
     134             5       3.50004       1.59747
     135             1       2.36522       1.38868
     136           2.5        3.8329       1.55052
     137             2       2.59674       1.46388
     138           2.5       2.83406       1.47706
     139             0             0             0
     140             7       6.93587       2.28356
     141             3       3.07692       1.55798
     142             4       2.83078       1.47692
     143          12.5       3.64502       1.63458
     144             6       4.73581        1.9118
     145           2.5       4.62536       1.71213
     146           0.5       3.38231       1.56508
     147             1       3.43548       1.53726
     148             1       2.76709       1.46723
     149             3       2.93025       1.47085
     150             1       2.49072       1.39888
     151             8       6.30676        2.1289
     152             2       2.62689       1.45327
     153             6       4.40379       1.70604
     154           5.5       4.19903       1.63414
     155             2       4.81563       1.84713
     156           1.5       2.18227       1.29937
     157             0             0             0
     158             3        3.5678       1.62769
     159             5       3.50004       1.59747
     160             4       2.15699       1.31782
     161           2.5       2.41855         1.386
     162           4.5        4.2588       1.80682
     163           2.5       2.38357       1.41479
     164             2        2.3389       1.37394
     165           3.5       5.37582       1.80348
     166           3.5       2.64133       1.30621
     167           1.5       2.45648       1.37953
     168             2       3.50005       1.59747
     169             7       5.84974        2.0755
     170             4       2.84388       1.51897
     171             5       2.83407       1.47706
     172             2       4.71525       1.74021
     173             0             0             0
     174             2       2.83406       1.47706
     175             3       4.51477       1.72418
     176             5       4.77017       1.87222
     177             1       3.06029       1.51841
     178           2.5       2.61681       1.43486
     179           6.5       5.67043       2.00953
     180             3       3.47426       1.56261
     181           3.5       4.21551       1.66888
     182             2       3.62984       1.57667
     183             2       2.92875       1.47731
     184           0.5       2.82393       1.47668
     185             1       2.16691       1.34586
     186           4.5       3.61407       1.58293
     187             5       3.80691       1.59828
     188             2       2.30065       1.34761
     189           3.5       5.37582       1.80348
     190             2       3.05708       1.51831
     191             1       3.51548       1.53568
     192           2.5       2.91182       1.45167
     193             6       3.79399       1.58556
     194             1       1.95328       1.21954
     195           3.5       2.60066       1.38668
     196           1.5       2.17625       1.30148
     197             5       2.45692       1.39105
     198             5       3.95437       1.64617
     199           3.5       2.83406       1.47706
     200             2       2.30497       1.35291
     201             0       2.28332       1.43204
     202             3       5.37582       1.80348
     203           1.5       2.22518       1.35095
     204             1       2.24902       1.35199
     205             5       3.50005       1.59747
     206             1       2.67494       1.46334
     207           0.5       1.72273       1.19521
     208           5.5       3.94538        1.6761
     209           3.5       3.53899        1.4741
     210             9       3.50005       1.59747
     211             4       3.30018        1.5467
     212             3       3.67224        1.6099
     213             8       6.23244       2.14703
     214           1.5        3.6967        1.5982
     215           6.5       3.60012       1.57315
     216             3       3.50005       1.59747
     217           2.5        3.6861       1.57238
     218             6       3.50005       1.59747
     219             7       2.95749       1.49523
     220           2.5       4.02675       1.65677
     221           4.5       2.26535       1.34358
     222             6       3.08192       1.49873
     223           2.5       4.71525       1.74021
     224             6       5.37582       1.80348
     225           3.5       3.87969       1.51334
     226           1.5       2.75914       1.46368
     227             5       5.52609       2.00871
     228           3.5       4.13525       1.80195
     229             2       3.76182       1.58534
     230             2       5.45475       2.02929
     231             4       3.50005       1.59747
     232             5        6.2961       2.22119
     233             4       5.37582       1.80348
     234             4       3.28442       1.54363
     235           1.5       2.91454       1.41883
     236             5        3.2005         1.534
     237           2.5       2.55939       1.40836
     238             4       4.22967       1.67427
     239           3.5       3.04694       1.51793
     240             6       5.62193        2.2743
     241           2.5       2.49451       1.36806
     242           4.5       5.37582       1.80348
     243           6.5       6.17247       2.14892
     244             6       3.50005       1.59747
     245           5.5       4.93354       1.85692
     246             2       2.31721       1.35446
     247             5       3.50005       1.59747
     248           4.5       3.77426       1.54768
     249             0       3.84133       1.68715
     250           2.5        2.8562       1.43859
     251             2       2.81963        1.4773
     252           4.5       2.77642       1.43669
     253             2       2.88497       1.48142
     254             3       5.01799       1.89958
     255           0.5       3.03981       1.48879
     256           9.5        8.0295       2.39251
     257             9       6.48844       2.13036
     258             0     0.0808181       0.27905
     259             3       5.37582       1.80348
     260             9       7.08284       2.20757
     261           3.5       3.08128       1.49047
     262             5       4.49278       1.68967
     263           4.5       5.13944       1.75594
     264             3       3.34977       1.55857
     265             2       2.64588       1.40827
     266           1.5       3.66582       1.55226
     267             6       2.93498       1.48805
     268             2       3.50005       1.59747
     269           9.5        6.0319       2.03204
     270             3       1.92127       1.23661
     271             4       5.37582       1.80348
     272             1        2.4564       1.39101
     273             1       3.32254       1.52702
     274           3.5       3.10897       1.56276
     275           4.5       3.13903       1.50672
     276           5.5       5.13944       1.75594
     277           3.5       3.39284       1.57704
     278             8       5.08101       1.86788
     279           2.5       3.78349       1.67505
     280             3       3.89607       1.75607
     281             5       3.34977       1.55857
     282           3.5       3.34977       1.55857
     283             5       5.37582       1.80348
     284             4       3.61208        1.5358
     285             4       5.37361         1.989
     286             4       3.34977       1.55857
     287             2       2.99452       1.40881
     288           3.5       5.37582       1.80348
     289             2       2.29083       1.31138
     290           5.5       6.99154       2.21863
     291             4       2.67663       1.43462
     292           3.5        4.2573       1.63969
     293           6.5       4.97008       1.94683
     294           1.5       2.39069       1.36787
     295             4       2.98003       1.48188
     296             4       3.82567       1.61446
     297             4       3.53536       1.60833
     298             0             0             0
     299             3       2.25843       1.44257
     300             2       2.02221       1.36259
     301           1.5       2.61407       1.44164
     302           3.5       2.84121       1.44847
     303             2       1.69998       1.18721
     304           4.5       3.74837       1.61245
     305           5.5       4.06857       1.67327
     306           6.5       4.92441       1.86138
     307           3.5       3.93769       1.59323
     308           3.5       5.37582       1.80348
     309             3       4.69561       1.72971
     310           2.5       5.37582       1.80348
     311            11       5.37582       1.80348
     312             4       3.50005       1.59747
     313             6       3.79749       1.58274
     314             5       3.50005       1.59747
     315           3.5       5.37582       1.80348
     316           7.5       6.84327       2.17768
     317             0             0             0
     318           5.5       7.10647         2.225
     319           9.5       7.68428       2.35613
     320             4       3.47404       1.58967
     321             9       4.34049       1.77985
     322             4       3.17977       1.51297
     323             5       2.76588       1.43918
     324           4.5       2.87208       1.46069
     325           2.5       2.40439       1.37479
     326           4.5       3.04694       1.51793
     327             9       3.50005       1.59747
     328             4       3.50005       1.59747
     329             5       5.33662        1.7933
     330             8       7.54643        2.3316
     331           2.5       3.19807       1.59217
     332           6.5       5.37582       1.80348
     333           5.5       3.42328        1.5964
     334           4.5       4.14566       1.80055
     335           3.5       4.31594       1.83082
     336             5       4.72349       1.73949
     337             3       5.37582       1.80348
     338           5.5        3.0538       1.51817
     339             4       3.50005       1.59747
     340           3.5       4.40219       1.70616
     341             5       3.50005       1.59747
     342             3       4.34018       1.68017
     343             8       7.73698        2.2754
     344           5.5       3.02847       1.48069
     345           9.5       5.37582       1.80348
     346             2       5.37582       1.80348
