       1             2       5.32009       1.85778
       2             5        5.3201       1.85778
       3          11.5       7.86424       2.43837
       4             3       6.51319       2.22404
       5           6.5       5.32009       1.85778
       6             4        3.4325       1.62082
       7           2.5       2.69848        1.4503
       8             0             0             0
       9             4       4.03615       1.69813
      10             3        5.3201       1.85778
      11             6       4.05299       1.69395
      12             5        3.4325       1.62082
      13           5.5        5.3201       1.85778
      14             5       4.36729       1.75984
      15             7       4.68762       1.79447
      16           8.5       7.35326        2.2755
      17             8       4.18968       1.76314
      18             5       3.59042       1.83299
      19             7        5.3201       1.85778
      20           3.5        5.3201       1.85778
      21           4.5       4.16551       1.71157
      22             5       4.68762       1.79447
      23             3        4.3766       1.74976
      24             8        5.3201       1.85778
      25             0             0             0
      26           9.5       5.32009       1.85778
      27           4.5        3.0003       1.54348
      28             1        5.3201       1.85778
      29           7.5       4.89815       1.77772
      30             6        5.3201       1.85778
      31           4.5       5.04588       1.80386
      32             8        5.3201       1.85778
      33             6       6.96368       2.31425
      34             1       3.43249       1.62082
      35           2.5       3.13835       1.51992
      36             7       5.32009       1.85778
      37             1        3.4325       1.62082
      38           4.5        5.3201       1.85778
      39             0             0             0
      40             2       3.43249       1.62082
      41             0             0             0
      42           3.5       5.32009       1.85778
      43             4        3.4325       1.62082
      44             4       5.77239        2.1701
      45             6        3.4325       1.62082
      46             2        3.4325       1.62082
      47           2.5        5.3201       1.85778
      48             1       4.39866        1.7657
      49             1       5.32009       1.85778
      50           5.5        5.3201       1.85778
      51           7.5        5.3201       1.85778
      52             3       3.43249       1.62082
      53             5        3.4325       1.62082
      54           2.5        5.3201       1.85778
      55           2.5       6.56091       2.22384
      56             2        3.4325       1.62082
      57             0       3.43249       1.62082
      58             8        3.4325       1.62082
      59             5       3.43249       1.62082
      60             5       3.43249       1.62082
      61             6        5.0575       1.97361
      62             6        4.2218       1.73517
      63             5        5.3201       1.85778
      64             8        3.4325       1.62082
      65             4       3.43249       1.62082
      66             4        3.4325       1.62082
      67             9        3.4325       1.62082
      68             1         3.262       1.73306
      69             6       5.32009       1.85778
      70             4       4.33565       1.75366
      71             5       3.47953        1.6259
      72             1       2.67426       1.47133
      73           4.5       4.38433       1.76014
      74             2       3.43249       1.62082
      75           2.5        2.3222       1.38271
      76             4        5.7013        2.0581
      77             7       6.81507       2.28341
      78             7       4.31072       1.72319
      79            12       4.96292       1.90965
      80           5.5       5.32009       1.85778
      81           9.5       5.10475       1.98712
      82           1.5       3.79671       1.83171
      83             4       5.32009       1.85778
      84             5       7.23732       2.36236
      85             3       4.68762       1.79447
      86             1       3.43249       1.62082
      87           7.5       7.67386       2.35276
      88             3       3.43249       1.62082
      89             3        3.4325       1.62082
      90          10.5        5.3201       1.85778
      91             5       4.69238       1.79432
      92             7        3.4325       1.62082
      93             1       3.43249       1.62082
      94             3        3.4325       1.62082
      95             1       5.32009       1.85778
      96             4       2.81369       1.50511
      97             3       5.32009       1.85778
      98            10       7.56701       2.44065
      99             7        3.4325       1.62082
     100             5       5.32009       1.85778
     101             3        6.5687       2.22499
     102           8.5        5.3201       1.85778
     103             1       3.43249       1.62082
     104             4       3.43249       1.62082
     105             5       6.73956       2.24627
     106             7        4.6837       2.20258
     107           6.5       5.88917       2.10306
     108             6        3.4325       1.62082
     109             3        3.4325       1.62082
     110             5        5.3201       1.85778
     111           8.5       5.32009       1.85778
     112             2       4.46447       1.76533
     113           7.5       5.71199       2.05161
     114             2        4.6837       2.20258
     115             2       5.02013       1.80105
     116          12.5       7.81116       2.45752
     117             1        3.4325       1.62082
     118             8        3.4325       1.62082
     119             6       4.46447       1.76533
     120             6       6.03406       2.14289
     121             3       5.73926       2.04885
     122           6.5       6.44553       2.15007
     123             8       6.91488       2.27129
     124             7        3.4325       1.62082
     125             2       3.43249       1.62082
     126             6        5.3201       1.85778
     127             1       3.43249       1.62082
     128             6       5.32009       1.85778
     129             5       3.43249       1.62082
     130             8       5.32009       1.85778
     131             3       3.43249       1.62082
     132             2       4.39866        1.7657
     133             6        3.4325       1.62082
     134             1       5.78336       2.17178
     135           5.5       7.77388       2.48238
     136           2.5       4.38352       1.75094
     137             5       5.32009       1.85778
     138             5        5.3201       1.85778
     139             4       5.77841       2.17896
     140           9.5       7.37796        2.3928
     141             5       3.43249       1.62082
     142             5        4.6837       2.20258
     143           9.5       6.20817        2.2229
     144             4       3.43249       1.62082
     145             5       5.32009       1.85778
     146             2        3.4325       1.62082
     147           2.5       5.32009       1.85778
     148             4       5.32009       1.85778
     149             2       3.43249       1.62082
     150             1       3.43249       1.62082
     151           7.5       7.81167       2.34665
     152             6       4.42643       1.75835
     153             1       4.88742       2.05831
     154           3.5        5.3201       1.85778
     155           3.5        5.3201       1.85778
     156             2       3.43249       1.62082
     157             2        3.8689       1.68711
     158             5       5.77239        2.1701
     159             2       5.15791       1.82298
     160             1       5.88893       2.11106
     161             5        5.3201       1.85778
     162             4        3.4325       1.62082
     163             6       6.66176       2.25038
     164             1        5.3201       1.85778
     165             6        5.3201       1.85778
     166             2        5.3201       1.85778
     167             3       3.43249       1.62082
     168             0             0             0
     169           5.5       5.84815       2.09448
     170             2       3.43249       1.62082
     171             4        3.4325       1.62082
     172           3.5        5.1393       1.82645
     173           5.5       6.59038       2.22801
     174             1       5.32009       1.85778
     175             1       3.43249       1.62082
     176           6.5       5.77034       2.06268
     177             1       3.43249       1.62082
     178             1       5.83473       2.19614
     179             1        5.3201       1.85778
     180             6        3.4325       1.62082
     181             6        3.4325       1.62082
     182             1        3.4325       1.62082
     183             3       5.32009       1.85778
     184           4.5       3.36322       1.60941
     185             5        5.3201       1.85778
     186             8        3.0003       1.54348
     187             5        3.4325       1.62082
     188            14       6.06079       2.18978
     189             0             0             0
     190           7.5       5.86487       2.10547
     191             4        3.4325       1.62082
     192           8.5        5.3201       1.85778
     193             4       3.43249       1.62082
     194           4.5       4.00693       1.67642
     195           3.5       5.32009       1.85778
     196             8       5.32009       1.85778
     197             3        3.4325       1.62082
     198             0        5.3201       1.85778
     199             6        5.3201       1.85778
     200           9.5        5.3201       1.85778
     201             2        3.4325       1.62082
     202             9       7.91576       2.43279
     203             2        3.4325       1.62082
     204           5.5       4.68762       1.79447
     205             8       4.68762       1.79447
     206             4       3.37008        1.6027
     207           6.5        4.1888       1.72381
     208             4       5.32009       1.85778
     209           6.5       4.88349       1.90093
     210             7       2.91093         1.518
     211           4.5        2.7811        1.4852
     212           2.5       2.68966       1.51114
     213             3        3.4325       1.62082
     214             2        3.4325       1.62082
     215             7       5.32009       1.85778
     216           8.5       5.32009       1.85778
     217             6       4.33445       1.72971
     218             6       5.32009       1.85778
     219             9       5.32009       1.85778
     220             2       4.46447       1.76533
     221             4        3.4325       1.62082
     222             2        3.2727       1.57886
     223             0       1.83059       1.20525
     224           4.5       5.32009       1.85778
     225             6       3.00029       1.54348
     226             2       5.32009       1.85778
     227             2       2.79557       1.47171
     228             7        3.4325       1.62082
     229             7       5.32009       1.85778
     230           7.5       6.03406       2.07653
     231             2       3.43249       1.62082
     232             0        5.3201       1.85778
     233           8.5        5.3201       1.85778
