       1             3       3.00301       1.51597
       2             5       3.97295       1.68617
       3             2       2.74242       1.49925
       4             1       2.52836       1.43138
       5             2       3.97295       1.68617
       6             3       3.68141       1.62048
       7           5.5       2.82279        1.5227
       8             0             0             0
       9             5       2.52836       1.43138
      10             5       3.39607       1.54397
      11             2       4.66521       1.74817
      12           1.5       2.52836       1.43138
      13             3       5.13707       2.01657
      14             3       3.00301       1.51597
      15           5.5       2.52836       1.43138
      16             4       2.59385       1.40996
      17             4       3.04563       1.57288
      18           1.5       4.66521       1.74817
      19             3       2.38328        1.3925
      20           1.5       1.78117       1.20726
      21             5       3.82437       1.63758
      22           3.5       4.66522       1.74817
      23           2.5       4.66521       1.74817
      24             6       2.52836       1.43138
      25             5       3.00301       1.51597
      26             3       4.66521       1.74817
      27             1       3.00301       1.51597
      28             5       3.38793       1.61261
      29             8       4.73675       1.92363
      30             3       4.66522       1.74817
      31           2.5       2.03727       1.37609
      32             0       3.00301       1.51597
      33           1.5       2.93857       1.49596
      34             1       4.66522       1.74817
      35             7       4.66521       1.74817
      36             7       3.60018       1.59931
      37           2.5       4.66522       1.74817
      38             4       3.87908       1.65152
      39             3       2.74889       1.47424
      40             5       3.00301       1.51597
      41             9       3.00301       1.51597
      42             4       4.66521       1.74817
      43             3       4.66522       1.74817
      44             4       3.00301       1.51597
      45             3       3.00301       1.51597
      46             2       4.66522       1.74817
      47             4       6.86536        2.2282
      48             4         3.003       1.51597
      49           4.5       4.66522       1.74817
      50             2         3.003       1.51597
      51           5.5       5.82544       2.07867
      52           2.5       2.56012       1.43278
      53           4.5       5.22127       2.01419
      54             6       3.00301       1.51597
      55             7         3.003       1.51597
      56             1        2.1982       1.34002
      57             3         3.003       1.51597
      58           6.5       6.94333       2.25161
      59             6       3.00301       1.51597
      60             4         3.003       1.51597
      61             3       2.52836       1.43138
      62             4       3.00301       1.51597
      63             1         3.003       1.51597
      64             2       3.00301       1.51597
      65             5       3.00301       1.51597
      66             2       4.66521       1.74817
      67             2       5.17941       2.01726
      68             8       4.66521       1.74817
      69             1       3.00301       1.51597
      70             4       3.28997       1.57246
      71             1       3.00301       1.51597
      72           8.5       4.85301       1.93674
      73           3.5       3.89347       1.66448
      74             3       3.00301       1.51597
      75             5       3.27794       1.57738
      76             6       5.23284       2.02814
      77             1       3.75359       1.63518
      78           5.5       3.27794       1.57738
      79             4       3.00301       1.51597
      80             2       4.66522       1.74817
      81           7.5       5.26409       2.04345
      82             3       4.66522       1.74817
      83             2       4.66522       1.74817
      84           6.5       2.39885       1.38377
      85             3       3.85028       1.65181
      86             4       2.13133       1.34518
      87             5         3.003       1.51597
      88             2         3.003       1.51597
      89             1       3.91457       1.65365
      90             1       2.12951       1.34451
      91             1       3.59975       1.70466
      92             5       5.83875       2.07082
      93           3.5       2.56809       1.43335
      94           0.5       2.33383       1.38924
      95             4       3.38794       1.61261
      96             3       4.66522       1.74817
      97           3.5       2.32076       1.37928
      98           2.5       2.52836       1.43138
      99           7.5       7.12832       2.26661
     100             1       3.00301       1.51597
     101             2       2.35684       1.38132
     102             3       5.25707       2.00842
     103             2       5.25231       2.01083
     104             6       3.85587       1.65453
     105             6       2.56809       1.43335
     106           8.5        5.8219       2.04901
     107           4.5        2.9401       1.49712
     108             1       2.74043        1.4498
     109           4.5       5.85161       2.08349
     110             3       4.66522       1.74817
     111             2         3.003       1.51597
     112             1       3.00301       1.51597
     113             2         3.003       1.51597
     114             2       2.92744       1.49358
     115             5       3.00301       1.51597
     116             6       2.45021       1.41596
     117             3         3.003       1.51597
     118             0             0             0
     119           8.5       4.66522       1.74817
     120             0             0             0
     121             9       3.00301       1.51597
     122             2       3.49289       1.58477
     123             0             0             0
     124             8       6.13805       2.12133
     125           3.5       4.66522       1.74817
     126             6       3.00301       1.51597
     127           4.5       2.98025       1.48846
     128           5.5       4.66522       1.74817
     129           5.5       4.66521       1.74817
     130             7       5.80019       2.09364
     131           3.5       3.11164       1.51449
     132             4       4.34729       1.68502
     133           2.5       3.28838       1.53748
     134             4       2.69517       1.38629
     135             0             0             0
     136           5.5       3.08579       1.54588
     137           2.5       3.03704       1.53604
     138             4       3.70211        1.6005
     139           3.5       2.78454       1.54091
     140             6       5.84478       2.08047
     141             5       3.00301       1.51597
     142           4.5       2.79953       1.46154
     143             0      0.110233      0.316087
     144           4.5       4.66522       1.74817
     145             3       3.82123       1.93794
     146             4       3.00301       1.51597
     147             3       3.00301       1.51597
     148             3       4.59223       2.16161
     149             5       3.00301       1.51597
     150             1       3.41331       1.70852
     151           2.5       2.87321       1.47988
     152           4.5       4.66522       1.74817
     153           1.5       1.97075       1.28842
     154             4       3.00301       1.51597
     155             5       5.33303       2.05645
     156             4       3.00301       1.51597
     157           3.5       4.66522       1.74817
     158             6       4.70946       1.92292
     159             1       3.00301       1.51597
     160             3       3.00301       1.51597
     161             2       2.84821       1.47894
     162             2       3.00301       1.51597
     163             0       3.00301       1.51597
     164             3       2.52836       1.43138
     165             8       3.00301       1.51597
     166             1       2.60598       1.43486
     167             2       5.29074       2.02699
     168             1         3.003       1.51597
     169             9       4.66521       1.74817
     170             4       4.66521       1.74817
     171           3.5       4.98543       1.94951
     172           4.5       2.06732       1.32277
     173             3       4.66521       1.74817
     174             3       4.66522       1.74817
     175             1         3.003       1.51597
     176             2       6.77854       2.28657
     177             4       3.00301       1.51597
     178             3       3.00301       1.51597
     179             3       4.66521       1.74817
     180             0       4.93688       1.81548
