       1           4.5       2.72812       1.45098
       2             2       4.72118       1.76896
       3             4       5.30268       1.95561
       4             0       3.03958       1.53012
       5             6       4.03565       1.70232
       6             9       3.03958       1.53012
       7             6       3.03958       1.53012
       8             7       3.03958       1.53012
       9           7.5       2.40269       1.38922
      10             1       3.03958       1.53012
      11           1.5       4.72118       1.76896
      12           7.5       4.72118       1.76896
      13             3       3.03958       1.53012
      14             3       4.72118       1.76896
      15             3       3.03958       1.53012
      16             3       4.72118       1.76896
      17           3.5       5.91474       2.09061
      18           0.5       2.28766       1.35252
      19             2       3.03958       1.53012
      20           6.5       3.38855       1.59495
      21             4       3.03957       1.53011
      22             6       2.67525       1.44195
      23           4.5        5.1077       1.95037
      24             7       6.19339       2.11733
      25           9.5       4.72118       1.76896
      26          10.5       5.34574       1.96796
      27           2.5       4.72118       1.76896
      28            10       4.72118       1.76896
      29             4       3.03957       1.53011
      30             6       3.37288       1.60898
      31             3       2.30237        1.3477
      32           0.5       2.39519       1.37632
      33             1       3.46101       1.58802
      34             6       6.08308       2.15245
      35           2.5       4.35744       1.80467
      36             2        2.6603       1.45128
      37             1       3.03957       1.53011
      38           5.5        5.3724       2.01145
      39             3       3.03958       1.53012
      40             4       2.34838       1.38151
      41             7       3.79481        1.6607
      42           2.5       1.78502       1.25263
      43           1.5       4.25983       1.76962
      44             4       3.03957       1.53011
      45           6.5        4.9948       2.00159
      46             2       4.72118       1.76896
      47             4       4.11441        1.7002
      48             3       3.03958       1.53012
      49             3       3.03958       1.53012
      50             5       3.03958       1.53012
      51             1       5.30268       1.95561
      52           1.5        2.0861       1.29904
      53             7       3.03958       1.53012
      54           1.5        2.2534       1.33963
      55             2       3.03958       1.53012
      56             5       3.03957       1.53011
      57           1.5       3.76784       1.62864
      58           2.5       3.95056        1.6396
      59             0             0             0
      60           2.5       1.97751       1.29581
      61             6       4.72118       1.76896
      62             4        2.6603       1.45128
      63             2       5.32062       1.95812
      64             4       5.28419       2.02038
      65           3.5       1.51359       1.13821
      66             0       2.58019        1.4335
      67             5        4.3357       2.16135
      68             2       3.03958       1.53012
      69           1.5       2.62617       1.44872
      70           5.5       2.15395        1.3932
      71             3       3.03957       1.53011
      72             1       4.37131         1.698
      73             4       4.72118       1.76896
      74             3       3.03958       1.53012
      75             2       2.53426       1.40278
      76           4.5       3.67647       1.61906
      77           2.5       2.81684       1.45043
      78             1       3.04858       1.69523
      79             3       4.72118       1.76896
      80           2.5       2.49657       1.40337
      81             3       3.03957       1.53011
      82             0       3.03958       1.53012
      83             1       3.03958       1.53012
      84           6.5       3.37637       1.62107
      85             8       3.03958       1.53012
      86           1.5       2.71157       1.40451
      87           3.5       4.10306       1.65964
      88             3       3.03957       1.53011
      89             4       3.03958       1.53012
      90           5.5       4.72118       1.76896
      91             2       2.18544       1.35006
      92             2       3.03958       1.53012
      93           8.5       4.72118       1.76896
      94             3       3.03958       1.53012
      95             3       4.72118       1.76896
      96            15       6.09276       2.09919
      97             4       2.99534       1.51631
      98           8.5       5.25424       2.00713
      99             1       2.05655       1.27222
     100             1       3.39888       1.59169
     101             2        2.2469        1.3652
     102           2.5       3.42543        1.6017
     103           1.5       4.04068       1.72733
     104             1       3.03957       1.53011
     105             5       4.72118       1.76896
     106           7.5       4.96798       1.91087
     107             0       4.72118       1.76896
     108             0       2.60252       1.44073
     109             1       2.69994       1.43748
     110           1.5       2.47664       1.39868
     111             1       2.65465       1.41887
     112             1       3.65767       1.69164
     113             2       2.16855       1.32838
     114           5.5       4.56115       1.73057
     115             3       3.03958       1.53012
     116             0             0             0
     117             3       4.72118       1.76896
     118            12       5.34253       2.02203
     119             4       3.50479        1.5661
     120           3.5       5.48398       1.97326
     121           1.5       4.45362       1.86079
     122             2        4.5574       1.73206
     123             6       3.03958       1.53012
     124             4       3.45727       1.55743
     125             0       4.72118       1.76896
     126           8.5       4.22044       1.78422
     127           2.5       4.71827       1.89823
     128           9.5       4.72118       1.76896
     129             1       1.61133        1.1925
     130             3       2.93155       1.49983
     131             4       3.03958       1.53012
     132             4       3.03958       1.53012
     133             3       1.87812       1.29727
     134             0             0             0
     135             4        2.7106       1.45395
     136             8       6.50754       2.20733
     137             3       5.18954       2.00007
     138           4.5       3.71799       1.60854
     139           4.5       4.81349       1.97321
     140             0             0             0
     141             3       2.62669        1.4488
     142             3       3.03958       1.53012
     143           0.5       1.74942       1.23227
     144             0       3.03958       1.53012
     145             8       3.03958       1.53012
     146             0       2.61954       1.41036
     147             0       2.96104       1.50637
     148           0.5       3.08447       1.50976
     149             2        5.0723       1.97496
     150             0             0             0
     151             1       2.85591       1.48031
     152           4.5       3.93377       1.65414
     153           4.5       2.75698       1.42782
     154           6.5       2.84317       1.48898
     155             4       3.03958       1.53012
     156             6       4.52141       1.84491
     157           1.5       1.85017       1.24746
     158             2       4.72118       1.76896
     159           3.5        4.1012       1.70107
     160             4       3.03958       1.53012
     161             3       3.03957       1.53011
     162             2       1.63725        1.2006
     163             0       3.03958       1.53012
     164             3       4.72118       1.76896
     165           0.5       4.14134       1.69929
     166             3       2.21329       1.36256
     167             7       3.03958       1.53012
     168             1       2.94753       1.60346
     169           4.5       3.87554       1.59482
     170           2.5       1.64949       1.14763
     171             2       1.93855       1.25782
     172             2       4.12624        1.6886
     173             3       4.02015       1.64665
     174           2.5       3.89801       1.65139
     175             4       4.10119       1.70107
     176             0       3.03958       1.53012
     177           7.5       4.72118       1.76896
     178             5       3.03958       1.53012
     179           4.5       6.24149       2.15154
     180             3       4.72118       1.76896
     181           0.5       2.22072       1.36156
     182             1       3.03958       1.53012
     183           0.5       4.10983       1.70053
     184           3.5       4.72118       1.76896
     185           9.5       4.48289       1.72077
     186             4       3.03957       1.53011
     187           2.5       1.23409      0.905463
     188             6       2.87533       1.57567
     189             4       3.03958       1.53012
     190             5       4.72118       1.76896
     191           4.5       4.72118       1.76896
     192             3       3.03958       1.53012
     193           4.5       2.63632       1.44954
     194           6.5       2.77017       1.46854
     195           4.5       4.11433       1.65838
     196             3       2.03354       1.31964
     197           1.5       2.06181       1.31075
     198           3.5       4.72118       1.76896
     199             4       4.72118       1.76896
     200           0.5       2.62669        1.4488
     201             2       3.03958       1.53012
     202             1        4.3357       2.16135
     203           2.5       3.44126       1.64258
     204           8.5       4.38593       1.69124
     205             3       2.63632       1.44954
     206             8       3.03958       1.53012
     207             4       3.03958       1.53012
     208             4       3.03958       1.53012
     209             3       2.03291        1.2947
     210             2       5.15751       1.99418
     211             5       2.81642       1.44467
     212             2       3.48106       1.66445
     213             2       2.10985       1.31954
     214             1       4.03119       1.66483
     215             1       2.85115       1.53274
     216             4        5.8422       2.10133
     217             2       5.30268       1.95561
     218             2       2.99246       1.51539
     219             1       4.72118       1.76896
     220             1       4.72118       1.76896
     221           4.5       5.21311       2.01367
     222           0.5       3.55661       1.59045
     223           0.5       1.90939         1.301
     224             1       1.89351        1.2822
     225             4          2.44       1.39713
     226           7.5       4.72118       1.76896
     227           6.5       4.72118       1.76896
     228             2       3.03958       1.53012
     229             5       4.72118       1.76896
     230             4       3.03958       1.53012
     231           3.5       3.19795       1.59974
     232             4       3.03958       1.53012
     233           6.5       4.72118       1.76896
     234             3       4.72118       1.76896
     235             3       3.03958       1.53012
     236             5       2.00543       1.29212
     237             7       3.03958       1.53012
     238             3       3.03957       1.53011
     239             4       2.88394       1.55577
     240           4.5       4.72118       1.76896
     241             2       2.23306       1.36431
     242             0             0             0
     243             5       4.59258       1.73701
     244             3       4.72118       1.76896
     245             2       5.33748       1.97497
     246           3.5       4.72118       1.76896
     247           3.5       2.87734       1.66962
     248           7.5       4.72118       1.76896
     249             1       1.70925       1.19275
     250             6       3.08211       1.50869
     251             6       4.72118       1.76896
     252           4.5       3.36786       1.64278
     253           2.5       2.24124          1.35
     254             2       3.03958       1.53012
     255           6.5       4.72118       1.76896
     256             4       4.72118       1.76896
     257           1.5       3.18035       1.54622
     258             4       4.31412       1.70295
     259             3       4.72118       1.76896
     260           4.5       1.86271       1.26674
     261           3.5       2.57385       1.40167
     262           2.5       2.64479       1.48902
     263             4       3.03957       1.53011
     264           0.5       2.94216       1.51813
     265          11.5        5.2245        2.0131
     266             1       3.03958       1.53012
     267           4.5       2.26047       1.36626
     268           2.5       2.22292       1.36335
     269             8       5.91719       2.11553
     270             6       4.92548       1.95253
     271           1.5       2.62669        1.4488
     272             1       2.36721       1.33271
     273           7.5       6.81799        2.2328
     274             1       1.45205       1.11673
     275             6       3.74953       1.70645
     276           1.5       1.76074       1.20922
     277           2.5        3.0831       1.57125
     278           0.5       4.07086       1.70228
     279           7.5       2.23306       1.36431
     280             3       3.84947       1.64158
     281             3       3.03958       1.53012
     282             3       3.38571       1.59453
     283             3       4.72118       1.76896
     284             3       4.72118       1.76896
     285           3.5       2.47498        1.3967
     286             2       3.03958       1.53012
     287             0       2.16197       1.32087
     288           5.5        5.8805       2.08912
     289           1.5       2.54301       1.34405
     290           4.5       2.96104       1.50637
     291           1.5       2.97661       1.51182
     292             4       2.55301       1.37354
